56 88
15 110
23 58
122 73
98 37
53 14
50 62
90 77
52 13
57 4
15 110
23 58
67 63
122 73
45 57
98 37
50 62
90 77
56 88
23 58
67 63
122 73
104 92
98 37
50 62
90 77
56 88
122 73
98 37
50 62
90 77
12 57
52 13
56 88
57 4
36 64
122 73
98 37
50 62
90 77
63 29
122 73
98 37
48 49
20 5
90 77
56 88
63 29
122 73
98 37
50 62
20 5
90 77
56 88
98 37
20 5
90 77
56 88
23 58
81 23
98 37
90 77
56 88
1 107
98 37
90 77
52 13
56 88
57 4
67 108
23 58
1 107
98 37
90 77
52 13
57 4
23 58
1 107
106 66
98 37
90 77
57 4
63 29
1 107
122 73
98 37
90 77
63 29
1 107
122 73
98 37
90 77
52 13
57 4
63 29
1 107
106 66
122 73
98 37
90 77
52 13
57 4
1 107
122 73
98 37
90 77
57 4
122 73
98 37
20 5
90 77
52 13
57 4
23 58
1 107
122 73
9 19
98 37
90 77
56 88
57 4
98 37
90 77
56 88
98 37
90 77
56 88
1 107
98 37
90 77
56 88
1 107
98 37
90 77
1 107
44 107
98 37
20 41
20 5
90 77
81 25
56 88
1 107
98 37
20 5
90 77
9 10
56 88
1 107
36 64
98 37
20 41
20 5
90 77
56 88
15 110
1 107
98 37
20 41
20 5
90 77
15 110
1 107
98 37
20 41
20 5
90 77
15 110
1 107
98 37
20 5
90 77
56 88
15 110
1 107
24 27
98 37
20 5
90 77
81 23
1 107
98 37
90 77
81 23
1 107
98 37
20 5
90 77
15 110
1 107
122 73
98 37
20 5
90 77
15 110
1 107
98 37
20 5
90 77
104 62
81 23
98 37
20 5
90 77
98 37
90 77
12 57
98 37
20 5
90 77
12 57
73 74
81 23
1 107
98 37
20 5
90 77
12 57
81 23
1 107
98 37
20 5
90 77
12 57
73 74
1 107
98 37
20 5
90 77
12 57
73 74
81 23
1 107
98 37
20 5
12 57
81 23
1 107
88 64
20 5
12 57
24 92
81 23
1 107
20 5
12 57
24 92
81 23
1 107
20 5
12 57
56 88
1 107
20 5
12 57
63 29
81 23
1 107
20 5
81 23
1 107
12 4
20 5
81 23
1 107
20 5
81 23
12 4
20 5
81 23
67 63
20 5
81 23
36 64
53 14
40 45
20 5
45 12
40 45
20 5
20 5
57 4
1 107
67 63
20 5
57 4
1 107
67 63
36 64
20 5
57 4
1 107
67 63
20 5
1 107
36 64
20 5
90 77
1 107
36 64
20 5
1 107
36 64
20 5
67 108
1 107
36 64
122 73
38 42
39 21
20 5
67 108
1 107
122 73
39 21
20 5
67 108
1 107
122 73
38 42
20 5
26 108
67 108
1 107
122 73
38 42
20 5
52 13
67 108
1 107
122 73
38 42
20 5
52 13
67 108
1 107
122 73
38 42
52 13
1 107
122 73
52 13
67 108
1 107
122 73
20 5
52 13
67 108
1 107
122 73
45 12
20 5
52 13
67 108
1 107
122 73
20 41
20 5
52 13
67 108
1 107
60 5
122 73
20 5
52 13
67 108
1 107
122 73
81 15
81 25
9 10
52 13
67 108
1 107
38 42
20 5
9 10
52 13
67 108
1 107
45 12
20 5
52 13
67 108
1 107
45 12
52 13
67 108
1 107
60 5
38 42
45 12
20 5
52 13
67 108
1 107
36 64
45 12
52 13
1 107
45 12
52 13
1 107
36 64
45 12
1 107
36 64
45 12
52 13
57 4
67 108
1 107
45 12
20 5
52 13
1 107
45 12
20 5
52 13
67 108
1 107
45 68
45 12
20 5
52 13
1 107
45 12
20 5
52 13
1 107
45 68
20 5
52 13
1 107
20 5
52 13
1 107
36 64
45 68
45 12
20 5
52 13
1 107
36 64
45 12
20 5
52 13
23 58
45 12
52 13
1 107
67 63
45 12
20 5
52 13
1 107
60 114
91 96
45 12
20 5
52 13
1 107
60 114
45 12
20 5
52 13
45 12
20 5
52 13
104 62
20 5
52 13
104 62
1 107
53 14
20 5
52 13
104 62
1 107
36 64
20 5
52 13
1 107
38 42
20 5
52 13
1 107
38 42
45 12
20 5
52 13
57 4
1 107
45 12
20 5
1 107
38 42
45 12
20 5
52 13
57 4
1 107
38 42
24 27
20 5
52 13
57 4
1 107
36 29
45 12
20 5
52 13
57 4
1 107
38 42
36 29
20 5
52 13
1 107
38 42
36 29
20 5
57 4
67 108
1 107
38 42
36 29
45 12
20 5
52 13
67 108
1 107
38 42
36 29
52 13
57 4
1 107
38 42
24 27
102 41
57 4
81 23
1 107
38 42
25 110
36 29
45 12
20 5
52 13
57 4
67 108
81 23
1 107
25 110
36 29
20 5
52 13
57 4
67 108
56 106
9 19
36 29
57 4
63 29
56 106
9 19
45 12
20 5
23 58
38 42
20 5
23 58
38 42
20 5
23 58
38 42
9 19
20 5
57 4
67 108
23 58
38 42
20 5
67 108
23 58
38 42
9 19
20 5
57 4
67 108
23 58
38 42
102 41
20 5
57 4
67 108
36 64
38 42
102 41
20 5
52 13
67 108
36 64
38 42
67 108
38 42
9 19
102 41
20 5
57 4
67 108
38 42
9 19
57 4
67 108
38 42
9 19
67 108
81 23
38 42
67 108
81 23
38 42
44 45
67 108
81 23
36 64
38 42
20 5
67 108
81 23
1 107
38 42
20 5
67 108
81 23
45 68
38 42
20 5
67 108
38 42
81 15
20 5
90 77
67 108
81 23
36 64
38 42
20 5
67 108
1 107
38 42
20 5
67 108
1 107
38 42
20 5
57 4
1 107
38 42
20 5
1 107
38 42
20 5
57 4
104 62
1 107
38 42
20 5
90 77
57 4
1 107
38 42
20 5
57 4
1 107
38 42
20 5
57 4
38 42
24 27
8 116
20 5
90 77
57 4
26 108
38 42
9 19
24 27
8 116
20 5
9 10
38 42
9 19
60 13
8 116
20 5
90 77
38 42
36 29
8 116
20 5
26 108
38 42
8 116
90 77
9 10
26 108
38 42
9 19
60 13
8 116
38 42
9 19
8 116
57 4
38 42
9 19
24 27
8 116
20 5
26 108
15 110
106 66
38 42
9 19
8 116
20 5
26 108
106 66
36 64
38 42
9 19
8 116
20 5
36 64
38 42
9 19
8 116
20 5
38 42
9 19
8 116
20 5
106 66
38 42
9 19
20 5
67 108
15 110
23 58
122 73
38 42
9 19
20 5
57 4
67 108
104 62
23 58
81 23
106 66
122 73
38 42
9 19
56 88
57 4
67 108
38 42
9 19
86 65
56 88
57 4
67 108
1 107
67 63
38 42
9 19
36 29
50 62
20 5
104 64
57 4
24 110
67 108
15 110
1 107
106 66
67 63
36 64
122 73
38 42
56 106
9 19
50 62
56 88
57 4
81 24
24 110
67 108
1 107
67 63
38 42
81 15
28 100
36 29
50 62
67 108
104 62
1 107
67 63
38 42
36 29
60 13
23 67
23 29
57 4
56 66
24 50
67 63
38 42
106 67
9 19
24 27
23 63
81 25
23 62
23 29
103 62
57 4
103 25
104 62
24 50
67 63
38 42
106 67
9 19
28 100
20 5
106 63
12 57
56 62
66 67
36 50
15 110
104 62
106 66
24 50
28 108
38 42
106 67
9 19
24 27
28 100
8 116
66 108
106 108
20 5
90 77
81 25
106 63
56 36
12 57
9 122
66 67
57 4
24 110
26 108
36 50
15 110
37 110
1 107
106 66
38 42
106 67
36 110
28 100
8 116
66 108
24 15
106 108
53 14
20 5
90 77
81 25
24 37
73 74
52 73
24 110
26 25
15 110
37 110
106 66
85 13
106 67
9 19
28 100
60 73
8 116
66 108
24 15
106 108
53 14
20 5
81 25
14 41
13 38
24 37
66 67
73 38
104 63
24 110
28 104
26 25
15 110
26 110
9 41
37 110
60 74
85 13
9 19
28 100
60 73
8 116
24 37
12 57
73 74
57 4
24 62
104 63
67 108
26 25
9 41
104 62
37 110
85 13
106 100
28 106
28 100
122 10
8 116
90 77
100 63
9 61
106 63
1 80
24 37
12 57
104 63
15 110
66 62
1 107
110 114
45 68
106 100
28 100
15 66
8 116
62 110
24 108
103 122
12 57
104 63
28 104
28 63
106 66
93 54
28 100
8 116
63 108
51 105
40 45
60 42
100 104
80 119
103 122
12 57
28 104
51 11
1 107
106 66
93 54
41 61
63 108
39 47
40 45
100 104
80 119
103 122
12 57
23 85
81 24
28 104
23 108
106 66
51 54
91 96
28 100
63 108
39 47
53 41
100 104
93 51
54 44
106 66
96 86
60 115
39 47
53 41
41 22
100 104
41 107
11 45
106 66
41 74
91 96
40 4
53 73
8 22
60 115
53 41
41 22
39 65
45 4
7 115
41 39
53 39
41 73
15 110
106 66
41 74
91 96
80 4
53 73
40 107
53 41
100 104
91 107
73 74
41 39
53 39
34 60
15 110
1 107
51 42
1 42
106 66
80 41
45 57
100 104
45 4
24 67
34 60
46 39
34 42
34 12
54 57
108 119
106 66
120 121
60 42
34 5
5 42
36 50
46 39
106 66
101 107
80 41
41 74
120 121
60 42
103 122
5 115
36 50
46 39
51 32
61 42
54 57
32 12
106 66
11 40
1 32
34 115
34 7
103 122
106 66
11 40
51 12
28 100
34 7
19 39
106 66
45 57
51 12
63 108
101 42
103 122
43 69
28 104
43 12
106 66
45 57
51 12
51 43
51 118
36 29
11 69
60 101
101 42
30 57
103 122
43 45
43 69
28 104
106 66
80 41
63 108
103 122
43 69
36 50
106 66
63 108
101 42
103 122
43 69
36 50
106 66
103 49
63 108
100 104
103 122
43 69
36 50
103 106
106 66
103 49
36 50
106 66
63 108
43 79
79 69
36 50
94 109
106 66
24 27
28 104
79 69
69 2
56 106
24 27
63 108
79 2
27 43
50 32
56 106
24 27
63 108
24 43
28 104
36 50
56 106
24 27
28 100
103 49
104 69
63 108
100 104
24 69
27 43
43 69
24 43
28 104
56 106
28 100
63 108
100 104
24 69
27 43
43 69
28 104
56 106
63 108
100 104
24 69
27 43
43 69
24 43
28 104
56 106
27 69
24 27
63 108
24 69
27 43
24 43
28 104
56 106
28 100
100 104
27 43
24 43
28 104
56 106
28 104
100 104
106 23
56 106
104 121
28 104
104 121
104 121
104 121
56 106
63 108
56 120
56 120
63 108
63 108
63 108
106 23
63 108
63 108
28 121
63 108
104 121
100 121
100 121
104 121
104 121
104 121
56 106
104 121
104 121
81 67
63 108
104 121
104 121
104 121
104 121
28 100
28 100
28 121
28 121
28 100
28 100
63 108
100 121
63 108
63 108
56 106
28 100
28 121
63 108
56 106
104 121
56 106
104 121
104 121
104 121
28 121
28 104
28 121
100 121
100 121
100 121
28 104
28 100
28 104
100 121
100 121
28 121
28 121
28 104
104 121
104 121
28 104
28 104
28 104
28 104
28 104
28 121
63 108
28 121
28 104
63 108
63 108
63 108
63 108
63 108
63 108
63 108
28 104
63 108
28 104
106 23
104 121
28 121
28 104
104 121
28 121
104 121
106 23
28 100
28 104
56 106
28 104
56 106
56 106
63 108
28 104
56 106
56 106
28 104
56 106
28 100
63 108
56 106
28 100
63 108
100 104
56 106
63 108
56 106
56 106
56 106
56 106
104 121
28 104
56 106
63 108
56 106
63 108
104 121
104 121
56 106
63 108
63 108
76 121
63 108
63 108
63 108
63 108
63 108
63 108
63 108
63 108
63 108
63 121
108 121
63 108
63 108
63 108
108 121
108 76
63 108
108 121
63 108
63 108
63 108
63 108
56 106
94 71
63 108
79 2
56 106
63 108
108 76
63 108
111 99
63 108
79 2
63 108
79 2
71 32
56 108
56 106
63 108
71 32
63 108
67 63
30 121
67 63
12 79
63 108
40 79
45 4
40 12
54 57
56 106
45 4
68 83
51 11
56 4
63 108
77 118
1 59
51 11
11 57
63 108
45 4
59 57
77 118
1 59
101 59
11 57
54 121
1 59
32 59
1 32
54 30
23 32
1 59
32 59
67 63
16 31
56 106
1 32
32 59
67 63
1 32
23 59
1 59
63 108
1 101
1 101
32 59
30 121
1 101
32 59
67 63
63 108
1 101
32 59
32 59
67 63
77 118
32 59
126 101
77 118
32 59
77 118
32 59
67 63
77 118
32 59
32 59
32 59
32 59
32 59
67 63
32 59
67 63
32 59
67 63
32 59
77 118
32 59
77 118
32 59
77 118
32 59
67 63
32 59
32 59
77 118
32 59
63 108
32 59
32 59
32 59
32 59
32 59
32 59
32 59
30 45
32 59
63 108
32 59
32 59
32 59
32 59
32 59
32 59
32 59
32 59
32 59
32 59
32 59
32 59
32 59
32 59
32 59
32 59
32 59
32 59
32 59
32 59
67 63
32 59
32 59
32 59
32 59
45 121
32 59
67 63
32 59
67 63
32 59
32 59
32 59
32 59
45 121
32 59
32 59
32 59
32 59
32 59
32 59
32 59
32 59
32 59
32 59
32 59
32 59
32 59
32 59
32 59
32 59
32 59
32 59
32 59
32 59
32 59
32 59
32 59
32 59
32 59
27 98
32 59
32 59
32 59
32 59
32 59
32 59
67 63
32 59
67 63
32 59
32 59
32 59
32 59
32 59
32 59
32 59
32 59
32 59
32 59
32 59
32 59
32 59
32 59
32 59
32 59
32 59
45 121
32 59
30 121
45 121
32 59
32 59
67 63
32 59
32 59
30 45
32 59
32 59
32 59
32 59
32 59
51 78
32 59
51 78
32 59
30 121
51 78
32 59
30 121
51 78
32 59
51 78
32 59
32 59
51 78
32 59
32 59
51 78
32 59
32 59
32 59
32 59
32 59
32 59
32 59
32 59
32 59
32 59
32 59
32 59
32 59
32 59
32 59
45 4
32 59
30 4
45 4
32 59
32 59
32 59
32 59
32 59
67 63
32 59
67 63
30 4
32 59
67 63
32 59
67 108
32 59
63 108
32 59
67 63
63 108
32 59
63 108
67 108
1 59
67 108
63 108
1 101
6 74
10 47
12 92
12 92
1 101
68 33
41 65
41 65
41 65
54 30
60 65
60 41
41 65
41 65
41 65
23 27