46 39
73 115
60 73
65 72
86 65
60 73
86 65
53 39
53 39
34 60
60 72
60 72
60 85
85 72
60 85
46 39
46 39
85 65
46 39
96 114
85 65
39 5
39 5
46 39
114 115
114 5
46 39
114 5
114 5
114 115
114 115
65 72
114 115
65 72
34 121
34 121
53 39
85 65
53 39
53 39
53 39
53 39
53 39
53 39
53 39
53 39
53 39
53 39
53 39
53 39
53 39
53 39
53 39
53 39
53 39
114 5
114 5
53 39
114 5
53 39
114 5
53 39
53 39
53 39
9 92
53 39
114 5
53 39
114 5
53 39
114 5
53 39
53 39
53 39
53 39
53 39
39 114
53 39
53 39
53 39
53 39
53 39
53 39
53 39
53 39
53 39
53 39
53 39
39 114
53 39
53 39
53 39
53 39
114 5
46 39
53 39
46 114
114 115
114 115
114 5
53 39
5 115
114 5
5 115
114 5
53 39
114 5
53 39
114 115
53 39
53 39
85 121
114 115
60 121
114 115
53 39
53 39
60 65
53 39
53 39
53 39
41 65
121 65
9 53
46 39
46 39
46 39
46 39
46 39
39 5
5 115
46 39
46 39
46 39
60 121
85 65
121 65
1 32
24 50
104 67
15 51
12 78
43 78
12 59
12 78
59 78
12 59
59 78
77 43
12 59
77 118
59 78
12 59
12 78
59 78
12 59
59 78
30 57
30 57
30 57
30 57
30 57
121 65
86 121
24 15
24 15
24 15
15 51
24 15
15 51
15 51
15 51
15 51
24 15
15 51
24 51
121 65
47 42
96 42