3 4
24 37
37 4
24 37
27 4
24 27
27 37
24 37
27 4
24 27
27 37
37 4
24 37
82 3
37 4
94 3
106 45
24 27
37 4
24 37
26 27
24 26
106 45
24 27
37 4
24 66
26 27
24 26
106 45
37 4
24 37
26 37
26 27
24 26
37 4
24 37
24 26
37 4
24 26
37 4
66 37
27 66
27 37
27 37
26 27
77 4
26 66
66 37
27 37
26 37
106 37
66 11
26 11
106 66
26 66
66 37
106 26
26 37
106 11
37 11
106 37
106 66
27 11
66 37
106 26
27 37
26 37
106 11
37 11
26 11
26 37
37 11
16 77
26 11
27 37
26 37
26 27
37 11
26 11
16 11
37 11
26 16
26 11
66 37
26 37
37 11
26 16
106 37
26 11
106 66
106 26
26 37
16 68
68 33
106 37
106 25
26 11
24 26
106 37
24 37
106 11
26 109
106 37
26 11
106 66
106 24
82 44
106 26
24 37
94 44
26 37
88 16
26 16
106 37
24 37
88 16
24 26
26 16
24 11
24 37
37 11
24 26
26 16
94 109
11 33
24 37
88 37
88 66
106 37
24 88
106 88
56 88
37 11
88 37
106 45
94 109
24 88
82 109
106 88
24 25
37 11
88 37
43 44
16 68
106 37
23 25
82 109
56 25
56 106
106 88
37 33
11 33
56 88
88 37
43 44
16 68
106 37
23 25
82 109
23 16
106 88
106 12
24 37
56 88
43 44
88 68
106 37
23 16
37 33
24 16
106 12
24 66
43 44
82 109
23 16
88 12
11 40
106 88
94 43
106 12
24 66
56 88
43 44
25 16
82 109
23 16
88 12
94 43
16 120
56 88
82 109
56 106
44 17
106 88
94 43
40 45
24 66
109 99
56 88
43 44
26 25
82 109
106 88
94 43
23 120
56 88
43 44
88 66
26 25
11 45
77 59
12 69
56 54
106 88
94 43
23 120
88 54
106 54
56 88
66 54
88 66
11 45
82 109
77 59
56 106
30 68
106 88
93 16
106 12
106 54
11 45
82 109
33 69
56 106
16 59
93 82
75 12
23 27
70 99
82 109
33 69
16 69
82 54
88 125
24 75
90 77
109 54
66 29
23 26
94 44
109 99
23 27
44 59
68 33
79 69
33 69
82 32
64 125
88 125
75 66
23 26
93 44
109 99
45 69
82 109
59 69
44 17
40 69
23 120
90 77
23 26
82 109
32 113
59 69
40 69
23 120
90 77
23 26
68 33
82 109
44 78
32 113
44 31
68 4
59 69
111 59
68 33
51 11
111 69
56 106
23 66
32 113
59 69
1 44
11 33
88 36
51 11
111 69
59 69
23 120
51 11
66 120
59 69
23 120
59 69
59 69
40 83
40 83
59 69
40 83
93 2
59 69
3 107
59 69
3 107
93 2
59 69
44 99
36 50
93 2
64 125
59 69
64 125
56 106
59 69
36 50
93 2
56 106
59 69
36 50
56 106
59 69
36 50
93 2
56 106
59 69
44 99
36 50
56 106
59 69
36 50
56 106
59 69
36 50
56 106
59 69
44 99
3 107
36 50
56 106
59 69
44 99
3 107
36 50
56 106
18 20
59 69
36 50
56 106
18 20
59 69
44 99
3 107
36 50
98 108
56 106
59 69
3 107
36 50
59 69
3 107
36 50
56 106
59 69
44 99
3 107
98 108
56 106
59 69
44 99
3 107
56 106
59 69
44 99
3 107
56 106
59 69
3 107
98 108
56 106
59 69
3 107
36 50
56 106
59 69
44 99
36 50
56 106
59 69
98 108
56 106
59 69
44 99
36 50
98 108
56 106
59 69
98 108
56 106
59 69
44 99
56 106
59 69
44 99
56 106
59 69
44 99
56 106
59 69
44 99
36 50
56 106
59 69
44 99
36 50
56 106
28 100
59 69
44 99
56 106
59 69
44 99
56 106
59 69
44 99
36 50
64 125
56 106
59 69
56 106
59 69
44 99
56 106
59 69
44 99
56 106
28 100
59 69
44 99
98 108
56 106
59 69
44 99
56 106
59 69
44 99
56 106
59 69
44 99
36 50
56 106
59 69
44 99
56 106
59 69
44 99
56 106
59 69
44 99
36 50
56 106
59 69
36 50
56 106
59 69
36 50
56 106
59 69
44 99
56 106
59 69
44 99
98 108
56 106
59 69
44 99
36 50
56 106
59 69
56 106
59 69
44 99
56 106
59 69
44 99
56 106
59 69
44 99
98 108
56 106
59 69
44 99
56 106
59 69
44 99
56 106
59 69
44 99
56 106
59 69
44 99
36 50
109 68
56 106
59 69
44 99
109 68
56 106
59 69
44 99
56 106
59 69
44 99
56 106
59 69
44 99
36 50
56 106
59 69
44 99
36 50
56 106
59 69
44 99
56 106
59 69
44 99
56 106
59 69
44 99
56 106
59 69
44 99
56 106
59 69
36 50
56 106
59 69
44 99
36 50
56 106
59 69
44 99
56 106
59 69
56 106
59 69
44 99
56 106
59 69
44 99
98 108
56 106
59 69
56 106
59 69
44 99
56 106
59 69
44 99
56 100
56 106
28 100
59 69
44 99
56 106
28 100
59 69
44 99
56 106
28 100
59 69
44 99
98 108
56 106
28 100
59 69
44 99
56 106
28 100
59 69
44 99
56 106
28 100
59 69
44 99
56 106
28 100
59 69
44 99
36 50
56 106
28 100
59 69
44 99
56 106
28 100
59 69
44 99
56 106
28 100
44 99
36 50
56 106
28 100
59 69
44 99
36 50
56 106
28 100
59 69
44 99
56 106
28 100
59 69
44 99
36 50
56 106
28 100
59 69
44 99
56 106
59 69
44 99
56 106
28 100
59 69
44 99
98 108
56 106
28 100
44 99
36 50
98 108
56 106
59 69
44 99
36 50
56 106
28 100
44 99
56 106
28 100
59 69
44 99
36 50
56 106
28 100
59 69
44 99
98 108
56 106
28 100
59 69
44 99
36 50
56 106
45 83
28 100
59 69
44 99
36 50
56 106
28 100
59 69
44 99
36 50
98 108
56 106
28 100
59 69
44 99
36 50
56 106
28 100
59 69
44 99
36 50
56 106
28 100
88 125
59 69
44 99
36 50
56 106
28 100
88 125
59 69
44 99
36 50
56 106
28 100
59 69
56 106
28 100
59 69
44 99
56 106
28 100
59 69
44 99
56 106
28 100
59 69
44 99
56 106
28 100
44 99
36 50
56 106
28 100
44 99
36 50
67 63
56 106
28 100
88 125
15 62
44 99
98 108
56 106
28 100
59 69
101 70
98 108
56 106
28 100
59 69
44 99
56 106
28 100
59 69
56 106
28 100
59 69
44 99
98 108
56 106
81 75
28 100
15 62
59 69
44 99
98 108
56 106
81 75
28 100
44 99
36 50
56 106
81 75
28 100
59 69
98 108
56 106
28 100
59 69
36 50
56 106
28 100
59 69
36 50
98 108
56 106
28 100
59 69
36 50
98 108
56 106
28 100
44 99
36 50
56 106
28 100
36 50
98 108
56 106
28 100
44 99
36 50
98 108
56 106
28 100
44 99
98 108
56 106
1 99
28 100
88 125
44 99
36 50
98 108
56 106
28 100
88 125
44 99
36 50
98 108
56 106
28 100
88 125
59 69
98 108
56 106
28 100
88 125
59 69
101 70
36 50
98 108
56 106
28 100
88 125
59 69
44 99
98 108
67 63
56 106
28 100
88 125
59 69
98 108
56 106
28 100
88 125
59 69
101 70
98 108
56 106
28 100
88 125
59 69
56 106
28 100
59 69
56 106
28 100
88 125
59 69
98 108
56 106
28 100
59 69
98 108
56 106
28 100
59 69
44 99
98 108
56 106
28 100
59 69
44 99
98 108
56 106
28 100
59 69
36 50
98 108
14 5
64 125
56 106
28 100
44 99
98 108
64 125
56 106
28 100
59 69
44 99
18 14
56 106
28 100
59 69
44 99
36 50
98 108
18 14
56 106
28 100
44 99
98 108
56 106
81 75
28 100
59 69
44 99
98 108
56 106
81 75
28 100
59 69
44 99
96 13
36 50
98 108
56 106
28 100
59 69
44 99
56 106
28 100
59 69
36 50
98 108
102 20
56 106
28 100
36 50
98 108
56 106
28 100
59 69
98 108
30 4
56 106
28 100
59 69
98 108
56 106
59 69
98 108
14 5
56 106
13 5
96 5
96 14
96 13
14 13
98 108
56 106
13 6
44 99
98 108
56 106
59 69
96 13
98 108
56 106
59 69
98 108
56 106
14 20
44 99
14 13
18 13
98 108
56 106
59 69
44 99
98 108
20 13
56 106
36 50
20 13
56 106
20 41
44 99
14 38
36 50
41 13
20 13
56 106
20 41
59 69
14 8
36 50
56 106
59 69
41 5
53 14
20 5
44 99
14 13
56 106
53 14
20 5
67 63
56 106
41 5
53 14
20 5
96 13
36 50
56 106
41 5
20 5
44 99
14 38
56 106
20 5
14 38
56 106
20 5
14 38
56 106
44 99
56 106
44 99
14 115
89 73
56 106
81 75
44 99
56 106
81 75
88 125
56 106
53 14
56 106
81 75
56 106
81 75
53 14
44 99
56 106
81 75
53 14
56 106
81 75
53 14
56 106
53 14
56 106
53 14
96 13
30 4
56 106
53 14
96 13
30 4
56 106
53 14
96 13
30 4
56 106
81 75
53 14
96 13
30 4
56 106
53 14
96 13
30 4
56 106
81 75
53 14
30 4
56 106
81 75
53 14
117 22
30 4
56 106
88 125
53 14
44 99
117 22
85 22
56 106
53 14
52 96
117 22
85 22
56 106
53 14
117 22
56 106
53 14
52 96
117 22
56 106
53 14
52 96
117 22
56 106
52 18
53 14
117 22
56 106
53 14
52 13
117 22
56 106
53 14
52 13
117 22
56 106
53 14
117 22
56 106
53 14
44 99
117 22
56 106
81 75
53 14
20 5
44 99
81 66
117 22
56 106
88 125
53 14
44 99
117 22
56 106
81 75
53 14
44 99
117 22
56 106
81 75
53 14
44 99
52 13
36 50
117 22
56 106
81 75
53 14
44 99
117 22
56 106
53 14
44 99
28 104
117 22
56 106
81 75
53 14
44 99
117 22
56 106
53 14
44 99
117 22
56 106
53 14
44 99
117 22
56 106
53 14
117 22
56 106
117 22
56 106
117 22
30 4
56 106
20 5
117 22
30 4
56 106
117 22
56 106
88 125
44 99
117 22
56 106
44 99
36 50
117 22
56 106
44 99
117 22
56 106
44 99
117 22
30 4
56 106
53 14
40 45
20 5
44 99
117 22
85 22
56 106
88 125
53 14
44 99
117 22
85 22
30 4
56 106
88 125
53 14
44 99
117 22
56 106
53 14
44 99
117 22
85 22
56 106
88 125
44 99
117 22
85 22
56 106
88 125
53 14
44 99
117 22
85 22
56 106
44 99
85 22
56 106
20 5
44 99
85 22
56 106
20 5
44 99
117 22
85 22
56 106
53 14
20 5
44 99
85 22
30 4
56 106
53 14
44 99
85 22
30 4
56 106
53 14
44 99
52 13
117 22
85 22
56 106
53 14
44 99
52 96
117 22
85 22
56 106
53 14
44 99
85 22
56 106
53 14
44 99
52 96
85 22
56 106
88 125
53 14
44 99
117 22
85 22
56 106
44 99
52 13
85 22
30 4
56 106
53 14
44 99
117 22
85 22
56 106
81 75
88 125
53 14
44 99
117 22
85 22
67 63
56 106
81 75
53 14
21 6
44 99
85 22
67 63
56 106
81 75
53 14
21 6
85 22
67 63
56 106
81 75
20 5
44 99
85 22
56 106
81 75
88 125
44 99
117 22
85 22
56 106
81 75
88 125
53 14
85 22
56 106
81 75
88 125
44 99
85 22
56 106
81 75
59 69
44 99
85 22
56 106
81 75
59 69
53 14
117 22
85 22
56 106
59 69
53 14
44 99
85 22
56 106
59 69
53 14
44 99
85 22
56 106
59 69
44 99
96 13
117 22
85 22
56 106
59 69
44 99
117 22
85 22
56 106
88 125
44 99
117 22
85 22
67 63
56 106
88 125
59 69
53 14
44 99
117 22
85 22
56 106
81 75
59 69
53 14
44 99
98 108
117 22
85 22
67 63
56 106
53 14
44 99
85 22
56 106
59 69
44 99
117 22
85 22
67 63
56 106
44 99
117 22
85 22
67 63
56 106
59 69
44 99
98 108
117 22
85 22
56 106
44 99
98 108
117 22
85 22
56 106
81 75
44 99
98 108
117 22
85 22
56 106
81 75
44 99
52 96
98 108
117 22
85 22
56 106
59 69
44 99
52 96
98 108
117 22
85 22
56 106
59 69
44 99
52 96
117 22
85 22
56 106
59 69
44 99
98 108
117 22
85 22
56 106
44 99
98 108
117 22
85 22
56 106
59 69
52 96
98 108
117 22
85 22
56 106
59 69
44 99
52 96
98 108
117 22
85 22
56 106
20 5
44 99
52 96
98 108
117 22
85 22
56 106
44 99
52 96
98 108
56 106
20 5
44 99
52 96
98 108
56 106
44 99
52 96
98 108
85 22
56 106
44 99
98 108
56 106
81 75
59 69
44 99
98 108
56 106
81 75
59 69
20 5
44 99
36 50
98 108
56 106
44 99
98 108
56 106
44 99
98 108
56 106
44 99
98 108
85 22
56 106
44 99
98 108
85 22
56 106
45 83
53 14
44 99
85 22
56 106
53 14
44 99
98 108
85 22
56 106
44 99
85 22
56 106
44 99
36 50
98 108
85 22
56 106
40 45
44 99
98 108
85 22
56 106
88 125
53 14
44 99
85 22
56 106
88 125
44 99
52 13
98 108
56 106
44 99
98 108
85 22
56 106
59 69
44 99
98 108
56 106
20 5
44 99
85 22
56 106
20 5
44 99
85 22
56 106
44 99
85 22
56 106
44 99
98 108
85 22
56 106
40 45
98 108
85 22
56 106
85 22
56 106
98 108
85 22
56 106
98 108
85 22
56 106
88 125
44 99
98 108
109 68
56 106
59 69
20 5
44 99
51 11
109 68
85 22
56 106
44 99
36 50
98 108
109 68
85 22
56 106
59 69
44 99
109 68
85 22
56 106
44 99
28 104
109 68
85 22
56 106
88 125
59 69
44 99
28 104
51 11
109 68
85 22
56 106
88 125
59 69
44 99
96 13
52 13
28 104
36 50
98 108
109 68
56 106
59 69
44 99
36 50
109 68
56 106
81 75
44 99
109 68
85 22
56 106
52 13
109 68
64 125
56 106
52 13
98 108
109 68
56 106
28 104
109 68
85 22
56 106
109 68
85 22
41 13
56 106
98 108
109 68
30 4
56 106
52 13
51 11
109 68
56 106
52 13
98 108
109 68
56 106
52 13
109 68
56 106
20 5
52 13
109 68
85 22
56 106
20 5
52 13
98 108
109 68
56 106
81 75
52 13
98 108
109 68
56 106
20 5
51 11
98 108
109 68
56 106
59 69
20 5
98 108
109 68
67 63
56 106
81 75
20 5
52 96
98 108
109 68
56 106
81 75
98 108
109 68
85 22
56 106
81 75
20 5
52 13
98 108
109 68
85 22
56 106
81 75
52 13
98 108
109 68
95 55
56 106
81 75
52 13
98 108
109 68
85 22
95 55
56 106
53 14
20 5
109 68
56 106
52 13
109 68
85 22
95 55
56 106
13 5
20 5
52 13
98 108
109 68
85 22
95 55
56 106
88 125
20 5
52 13
28 104
109 68
85 22
56 106
52 13
98 108
109 68
56 106
52 18
52 13
28 104
98 108
109 68
85 22
56 106
109 68
85 22
56 106
98 108
109 68
56 106
98 108
56 106
88 125
86 22
98 108
109 68
56 106
81 75
88 125
52 13
98 108
109 68
56 106
36 50
98 108
109 68
85 22
56 106
81 75
52 13
98 108
109 68
56 106
88 125
52 13
98 108
109 68
85 22
56 106
88 125
96 13
52 13
98 108
109 68
56 106
20 5
52 13
98 108
109 68
30 4
56 106
52 13
98 108
85 22
56 106
52 13
85 22
56 106
52 13
67 63
95 55
56 106
81 75
86 22
56 106
81 75
15 62
109 68
67 63
56 106
67 63
56 106
86 22
96 13
67 63
56 106
96 13
109 68
67 63
95 55
56 106
88 125
96 13
98 108
109 68
85 22
67 63
56 106
96 13
109 68
67 63
56 106
96 13
98 108
109 68
67 63
56 106
96 13
109 68
67 63
56 106
96 13
109 68
3 79
56 106
52 18
33 78
96 13
51 11
70 3
98 108
67 63
56 106
59 69
96 13
51 11
98 108
109 68
67 63
56 106
52 18
96 13
51 11
98 108
109 68
67 63
56 106
96 13
51 11
98 108
109 68
56 106
45 83
81 66
96 13
51 11
98 108
109 68
56 106
28 100
88 125
75 66
81 66
96 13
51 11
98 108
56 106
88 125
82 113
52 18
81 66
1 4
96 13
51 11
98 108
101 55
56 106
28 100
88 125
81 66
96 13
51 11
36 50
98 108
88 125
15 62
44 99
111 45
81 66
96 13
26 27
51 44
25 58
98 108
36 64
106 48
81 75
26 67
51 77
52 18
96 13
56 88
98 108
88 125
20 5
86 22
96 13
51 44
56 88
26 108
85 22
88 125
77 113
77 11
15 67
52 18
20 5
108 125
96 13
51 44
52 13
67 108
85 22
29 108
67 63
81 75
88 125
77 113
52 18
20 5
86 22
16 44
96 13
91 86
52 13
67 108
111 77
85 22
67 63
11 79
81 75
32 11
88 125
52 18
86 22
16 44
15 1
96 13
15 11
52 13
85 22
67 63
41 13
52 18
77 40
81 66
108 125
96 13
67 108
3 11
77 44
101 32
52 18
96 13
52 13
26 108
67 108
15 51
3 11
26 75
77 44
52 18
96 13
26 108
67 108
15 51
52 20
58 110
52 18
53 14
96 13
73 74
14 73
9 14
39 74
26 108
67 108
15 51
81 120
26 67
58 110
52 18
95 101
96 13
52 13
15 51
117 22
75 11
111 99
58 110
52 18
101 79
53 13
96 13
15 51
117 22
81 120
11 79
20 114
58 110
96 42
48 108
96 13
94 59
67 108
81 120
58 110
16 44
11 6
48 108
94 59
67 108
5 115
117 22
75 6
58 110
53 14
16 44
11 6
59 31
94 59
67 108
15 51
117 22
108 20
67 20
58 110
53 14
16 44
11 6
59 31
67 108
15 51
79 78
117 22
86 42
67 63
28 125
28 100
58 110
63 108
16 44
59 31
115 47
67 108
28 104
15 51
81 120
47 42
58 110
16 44
59 31
48 108
12 47
11 12
54 31
67 108
15 51
86 42
30 44
81 120
28 106
58 110
30 12
53 41
59 31
11 44
67 108
15 51
81 120
104 108
36 64
104 67
58 110
59 31
27 20
67 108
15 51
117 22
81 120
104 108
36 64
27 44
64 108
104 67
1 32
88 125
58 110
27 20
36 108
104 64
67 108
15 51
79 78
16 30
81 120
104 108
64 108
104 67
58 110
13 78
15 51
16 20
104 110
26 120
81 120
81 26
104 108
36 64
104 67
58 110
30 13
67 108
15 51
104 110
81 120
104 108
36 64
104 67
32 79
58 110
1 44
30 13
15 51
104 110
31 47
104 108
36 64
104 67
58 110
48 108
36 108
15 51
104 110
104 108
36 64
117 115
64 108
104 67
88 125
58 110
30 13
36 108
15 51
104 108
36 64
104 67
88 125
58 110
59 31
56 88
67 108
15 51
104 108
111 99
104 67
88 125
58 110
93 62
30 13
36 108
67 108
15 51
104 108
111 99
104 67
58 110
93 62
85 42
26 48
67 108
15 51
104 108
67 64
26 33
104 67
88 125
58 110
52 22
5 22
41 22
12 2
26 48
56 88
67 108
15 51
58 67
58 108
104 108
36 64
104 67
58 110
52 22
56 88
67 108
15 51
75 11
58 108
104 108
36 64
104 67
58 110
52 22
101 42
41 22
26 48
56 88
67 108
15 51
81 27
58 108
104 108
104 67
58 110
52 22
101 42
41 22
28 64
56 88
67 108
15 51
58 108
104 108
104 67
1 32
58 110
28 36
53 14
28 64
85 101
56 88
104 63
67 108
15 51
53 22
14 22
104 108
36 64
58 104
104 67
58 110
63 108
28 36
27 59
28 64
26 27
13 42
56 88
104 63
67 108
15 51
58 108
104 108
111 99
16 31
44 78
104 67
30 20
32 79
58 110
12 42
63 108
28 36
30 13
31 42
28 64
12 31
11 12
26 27
13 42
56 88
104 63
67 108
15 51
11 2
51 31
58 108
104 108
111 99
16 31
44 78
104 67
30 20
32 79
58 110
30 12
63 108
30 11
26 27
56 88
104 63
67 108
15 51
85 31
51 31
58 50
104 108
67 63
36 64
111 99
16 31
44 78
104 67
14 20
58 110
52 22
63 108
28 36
30 13
15 31
28 64
11 12
26 27
58 59
104 63
67 108
15 51
93 30
85 31
104 108
67 63
36 64
111 99
16 31
104 67
54 79
14 20
52 22
63 108
28 36
30 13
52 5
28 64
30 11
11 12
26 27
56 88
104 63
67 108
24 58
26 50
54 12
15 51
117 22
50 59
108 59
51 31
104 108
111 99
16 31
41 13
44 78
104 67
13 5
14 20
30 12
63 108
28 36
27 50
52 5
91 86
30 11
26 27
56 88
104 63
67 108
24 58
15 110
15 51
104 108
27 62
67 63
36 64
111 99
16 31
44 78
110 31
104 67
13 5
26 62
51 110
63 108
28 36
52 5
53 14
20 5
48 58
58 33
26 27
56 88
67 108
15 110
15 51
53 22
14 22
81 26
104 108
27 62
67 63
111 99
16 31
110 31
85 74
104 67
13 5
26 62
12 79
51 110
63 108
53 14
81 33
20 5
90 77
26 27
56 88
67 108
24 58
15 110
15 51
54 40
104 29
14 22
104 108
27 62
67 63
111 99
16 31
41 13
44 78
110 31
20 13
104 67
26 62
63 108
28 36
53 14
50 62
11 12
26 27
104 63
67 108
24 58
15 110
15 51
104 29
53 22
29 108
14 22
104 108
27 62
67 63
111 99
16 31
44 78
110 31
104 67
26 62
12 79
51 110
63 108
28 36
27 50
53 14
50 62
26 27
56 88
104 63
24 58
15 110
15 51
104 29
53 22
67 29
14 22
32 12
27 62
67 63
111 99
16 31
117 115
44 78
110 31
82 54
104 67
26 62
51 110
89 65
30 6
27 50
53 14
50 62
26 27
56 88
104 63
67 108
26 50
53 22
14 22
104 108
27 62
67 63
111 99
16 31
44 78
104 67
26 62
51 110
63 108
27 50
53 14
50 62
90 77
9 13
13 22
26 27
56 88
104 63
67 108
20 22
26 50
15 110
63 29
15 51
114 22
104 29
29 108
115 22
14 22
104 108
27 62
67 63
111 99
16 31
44 78
110 31
104 67
1 32
26 62
51 110
63 108
27 50
53 14
26 27
56 88
104 63
67 108
15 110
63 29
104 29
29 108
67 29
115 22
85 47
104 108
27 62
67 63
36 64
111 99
16 31
44 78
104 67
26 62
51 110
63 108
85 72
50 62
26 27
56 88
104 63
67 108
15 110
63 29
104 29
29 108
67 29
104 108
27 62
67 63
111 99
44 78
104 67
26 62
63 108
53 14
50 62
11 6
11 12
26 27
52 13
104 63
67 108
15 110
63 29
15 51
104 29
29 108
67 29
32 12
104 108
27 62
67 63
111 99
104 67
26 62
51 110
63 108
52 13
56 88
67 108
15 110
63 29
15 51
9 22
104 29
1 6
29 108
67 29
1 3
104 108
27 62
67 63
104 67
26 62
51 110
63 108
27 50
1 12
56 88
67 108
28 104
15 110
9 22
29 108
27 62
67 63
16 31
44 78
51 110
63 108
27 50
50 62
30 11
56 88
67 108
15 110
15 51
9 22
27 62
16 31
63 108
28 64
9 14
56 88
67 108
28 104
81 26
27 62
16 31
38 42
20 13
63 108
28 64
56 88
104 64
67 108
28 104
15 110
9 22
81 26
27 62
67 63
111 99
44 78
85 115
51 110
63 108
28 64
91 86
52 13
75 12
56 88
104 64
67 108
28 104
15 110
15 51
14 22
27 62
67 63
85 115
51 110
63 108
50 62
90 77
28 64
30 11
9 14
75 12
56 88
67 108
28 104
15 110
75 11
14 22
27 62
16 31
51 110
63 108
40 6
77 40
50 62
90 77
28 64
56 88
104 64
67 108
28 104
15 110
15 51
1 6
75 11
14 22
1 3
27 62
16 31
51 110
9 38
50 62
28 64
56 88
104 64
30 40
67 108
28 104
13 47
15 110
15 51
53 22
23 33
27 62
16 31
44 78
85 115
51 110
27 50
50 62
28 64
56 88
104 64
67 108
28 104
15 110
15 51
75 40
53 22
23 33
27 62
36 64
44 78
30 68
1 77
86 65
51 110
30 12
27 50
90 77
28 64
63 64
67 108
15 110
95 68
14 22
88 64
85 117
27 62
82 32
11 40
32 113
86 65
12 79
40 6
27 50
85 72
53 14
1 12
75 110
11 31
35 22
36 108
30 31
23 27
48 25
16 30
85 22
64 108
12 4
15 50
88 125
53 115
53 14
11 31
50 110
30 11
36 50
16 118
66 110
51 30
28 108
12 4
111 12
82 11
75 66
11 33
51 33
111 59
96 13
30 11
15 110
66 110
12 4
56 100
66 110
64 125
56 106
45 83
66 64
26 64
56 106
88 125
96 13
67 29
56 106
67 64
56 106
56 106
88 125
56 106
45 83
88 125
59 69
64 125
56 106
88 125
59 69
64 125
56 106
88 125
90 77
56 106
90 77
56 106
88 125
90 77
56 106
45 83
88 125
90 77
15 110
56 106
85 42
33 78
90 77
15 110
56 106
33 78
90 77
56 106
90 77
56 106
85 42
90 77
56 106
90 77
56 106
85 42
90 77
56 106
85 42
90 77
15 110
56 106
85 42
90 77
56 106
85 42
90 77
56 106
85 42
90 77
56 106
85 42
90 77
56 106
85 42
90 77
56 106
85 42
90 77
103 75
64 125
56 106
85 42
90 77
56 106
85 42
90 77
56 106
85 42
90 77
56 106
85 42
90 77
56 106
81 75
85 42
90 77
56 106
81 75
85 42
90 77
15 110
103 75
56 106
81 75
85 42
90 77
103 75
56 106
85 42
40 45
90 77
15 110
103 75
56 106
85 42
21 6
90 77
56 106
85 42
40 45
90 77
23 26
56 106
90 77
23 26
15 110
26 120
103 75
56 106
85 42
90 77
15 110
26 120
56 106
85 42
90 77
26 120
56 106
85 42
90 77
13 73
56 106
85 42
90 77
56 106
85 42
90 77
15 110
56 106
85 42
90 77
23 26
56 106
85 42
90 77
23 26
36 50
56 106
88 125
85 42
90 77
30 4
56 106
85 42
90 77
23 26
56 106
85 42
90 77
56 106
85 42
90 77
56 106
85 42
90 77
15 110
56 106
85 42
90 77
23 26
15 110
56 106
85 42
90 77
23 26
30 4
56 106
85 42
90 77
56 106
85 42
90 77
36 50
56 106
85 42
90 77
36 50
56 106
85 42
90 77
36 50
56 106
45 83
85 42
90 77
30 4
56 106
85 42
90 77
56 106
85 42
90 77
56 106
45 83
85 42
90 77
56 106
85 42
90 77
56 106
45 83
85 42
90 77
56 106
85 42
90 77
56 106
85 42
90 77
23 26
15 110
56 106
85 42
90 77
15 110
56 106
85 42
90 77
15 110
56 106
85 42
90 77
30 4
56 106
85 42
90 77
15 110
30 4
56 106
85 42
90 77
56 106
85 42
90 77
56 106
85 42
90 77
56 106
45 83
85 42
90 77
56 106
85 42
90 77
56 106
45 83
85 42
90 77
56 106
85 42
90 77
56 106
85 42
90 77
15 110
56 106
85 42
90 77
15 110
103 75
56 106
85 42
90 77
103 75
56 106
85 42
90 77
15 110
56 106
85 42
90 77
56 106
85 42
90 77
56 106
85 42
90 77
56 106
85 42
90 77
56 106
85 42
90 77
56 106
85 42
90 77
56 106
85 42
90 77
56 106
85 42
90 77
105 119
56 106
85 42
90 77
105 119
56 106
85 42
90 77
103 75
56 106
85 42
90 77
66 110
103 75
56 106
85 42
90 77
15 110
56 106
85 42
90 77
56 106
90 77
66 110
56 106
15 66
90 77
56 106
90 77
56 106
90 77
56 106
15 62
90 77
56 106
32 113
90 77
15 110
56 106
85 42
90 77
23 26
15 110
56 106
88 125
15 62
85 42
90 77
91 86
36 50
15 110
56 106
90 77
15 110
56 106
90 77
56 106
28 100
85 42
90 77
56 106
28 100
88 125
90 77
15 110
56 106
28 100
88 125
90 77
56 106
28 100
85 42
90 77
56 106
28 100
15 62
85 42
90 77
56 106
28 100
90 77
56 106
28 100
90 77
56 106
28 100
85 42
90 77
56 106
28 100
15 62
85 42
90 77
56 106
28 100
90 77
56 106
28 100
85 42
90 77
56 106
28 100
85 42
90 77
56 106
28 100
15 62
85 42
90 77
56 106
45 83
28 100
15 62
85 42
90 77
56 106
45 83
28 100
85 42
90 77
56 106
28 100
85 42
90 77
56 106
28 100
88 125
85 42
90 77
56 106
28 100
90 77
56 106
28 100
90 77
56 106
28 100
90 77
56 106
28 100
88 125
90 77
52 13
67 63
103 75
56 106
28 100
52 18
90 77
81 25
56 106
28 100
90 77
81 25
103 75
56 106
28 100
88 125
52 18
90 77
103 75
56 106
28 100
90 77
103 75
56 106
28 100
90 77
56 106
28 100
90 77
56 106
81 75
28 100
52 18
90 77
56 106
81 75
28 100
52 18
90 77
56 106
28 100
88 125
90 77
56 106
28 100
90 77
56 106
28 100
90 77
56 106
28 100
90 77
56 106
28 100
88 125
85 42
90 77
56 106
32 113
28 100
88 125
90 77
15 110
56 106
28 100
90 77
15 110
56 106
32 113
28 100
90 77
56 106
28 100
90 77
56 106
28 100
88 125
90 77
103 75
56 106
28 100
90 77
56 106
28 100
90 77
56 106
28 100
15 62
90 77
91 86
56 106
28 100
15 62
90 77
91 86
56 106
32 113
28 100
90 77
56 106
28 100
85 42
20 5
90 77
56 106
32 113
28 100
90 77
56 106
32 113
28 100
90 77
15 110
56 106
28 100
85 42
90 77
56 106
28 100
88 125
85 42
90 77
18 13
85 22
56 106
28 100
90 77
56 106
28 100
90 77
85 22
30 4
56 106
28 100
90 77
30 4
56 106
32 113
28 100
90 77
85 22
56 106
32 113
28 100
90 77
85 22
56 106
32 113
28 100
90 77
85 22
66 110
56 106
32 113
28 100
52 18
90 77
85 22
56 106
32 113
28 100
90 77
85 22
66 110
56 106
28 100
90 77
85 22
30 4
56 106
32 113
28 100
90 77
85 22
30 4
56 106
28 100
90 77
85 22
56 106
32 113
28 100
90 77
85 22
56 106
32 113
28 100
90 77
68 33
85 22
56 106
32 113
28 100
90 77
68 33
85 22
56 106
32 113
28 100
90 77
68 33
85 22
56 106
32 113
28 100
90 77
85 22
30 4
56 106
32 113
28 100
90 77
85 22
56 106
32 113
28 100
90 77
85 22
56 106
32 113
28 100
90 77
103 75
56 106
32 113
28 100
90 77
85 22
103 75
56 106
32 113
28 100
20 5
90 77
85 22
103 75
56 106
32 113
28 100
90 77
103 75
56 106
32 113
28 100
90 77
85 22
56 106
32 113
28 100
90 77
85 22
103 75
56 106
32 113
28 100
90 77
85 22
56 106
32 113
28 100
90 77
56 106
32 113
28 100
90 77
56 106
32 113
28 100
90 77
56 106
32 113
28 100
90 77
85 22
56 106
32 113
28 100
90 77
85 22
56 106
32 113
28 100
90 77
56 106
32 113
28 100
90 77
15 110
85 22
56 106
32 113
28 100
88 125
90 77
15 110
85 22
56 106
32 113
28 100
88 125
90 77
15 110
85 22
56 106
32 113
28 100
90 77
15 110
85 22
56 106
32 113
28 100
90 77
85 22
56 106
32 113
28 100
15 62
90 77
85 22
56 106
32 113
28 100
90 77
85 22
56 106
32 113
28 100
90 77
85 22
103 75
56 106
81 75
32 113
28 100
90 77
85 22
56 106
81 75
32 113
28 100
15 62
90 77
66 110
56 106
81 75
32 113
28 100
90 77
103 75
56 106
32 113
28 100
15 62
90 77
56 106
32 113
28 100
88 125
90 77
64 125
56 106
32 113
28 100
88 125
90 77
56 106
32 113
28 100
90 77
56 106
32 113
28 100
90 77
64 125
56 106
32 113
28 100
88 125
90 77
56 106
32 113
28 100
88 125
52 18
90 77
56 106
32 113
28 100
88 125
52 18
90 77
56 106
32 113
28 100
88 125
52 18
90 77
56 106
32 113
28 100
88 125
52 18
90 77
56 106
32 113
28 100
88 125
52 18
90 77
85 22
56 106
32 113
28 100
88 125
52 18
90 77
85 22
56 106
32 113
28 100
52 18
90 77
56 106
28 100
88 125
52 18
90 77
34 114
56 106
32 113
28 100
88 125
52 18
90 77
34 114
56 106
32 113
28 100
88 125
52 18
53 14
90 77
85 22
56 106
32 113
28 100
88 125
90 77
85 22
64 125
56 106
32 113
28 100
88 125
90 77
34 114
85 22
56 106
32 113
28 100
88 125
90 77
34 114
85 22
32 113
28 100
90 77
85 22
56 106
32 113
28 100
88 125
90 77
85 22
56 106
28 100
90 77
34 114
11 2
56 106
28 100
90 77
56 106
32 113
28 100
90 77
85 22
32 113
28 100
85 42
90 77
34 114
11 2
56 106
32 113
28 100
85 42
90 77
96 13
56 106
32 113
28 100
85 42
90 77
56 106
32 113
28 100
90 77
30 83
30 45
56 106
32 113
28 100
90 77
30 40
30 45
56 106
32 113
28 100
85 42
90 77
56 106
32 113
28 100
85 42
90 77
89 74
56 106
32 113
28 100
85 42
20 5
90 77
56 106
32 113
28 100
85 42
20 5
90 77
56 106
32 113
28 100
85 42
20 5
90 77
15 110
56 106
32 113
28 100
15 62
85 42
20 5
90 77
85 22
56 106
32 113
28 100
15 62
85 42
90 77
56 106
32 113
28 100
88 125
15 62
85 42
90 77
56 106
28 100
15 62
85 42
20 5
90 77
56 106
32 113
28 100
85 42
90 77
85 22
56 106
32 113
28 100
15 62
85 42
90 77
56 106
81 75
32 113
28 100
88 125
15 62
85 42
90 77
85 22
56 106
81 75
32 113
28 100
15 62
85 42
90 77
32 113
28 100
85 42
20 5
90 77
32 113
28 100
85 42
20 5
90 77
56 106
32 113
28 100
85 42
20 5
90 77
56 106
28 100
85 42
20 5
90 77
56 106
32 113
28 100
15 62
85 42
20 5
90 77
56 106
81 75
32 113
28 100
85 42
20 5
90 77
28 100
85 42
20 5
90 77
85 22
32 113
28 100
85 42
20 5
90 77
56 106
32 113
28 100
85 42
20 5
90 77
56 106
32 113
28 100
85 42
20 5
90 77
85 22
56 106
32 113
28 100
85 42
20 5
90 77
56 106
32 113
28 100
85 42
23 120
20 5
90 77
56 106
32 113
28 100
85 42
20 5
90 77
103 75
81 75
28 100
85 42
20 5
90 77
28 100
85 42
20 5
90 77
85 22
103 75
32 113
28 100
85 42
20 5
90 77
36 50
85 22
56 106
32 113
28 100
85 42
20 5
90 77
85 22
56 106
32 113
28 100
15 62
85 42
20 5
90 77
85 22
81 75
32 113
28 100
85 42
20 5
90 77
85 22
56 106
81 75
32 113
28 100
85 42
20 5
90 77
85 22
56 106
32 113
28 100
88 125
85 42
90 77
15 110
85 22
32 113
28 100
88 125
85 42
90 77
15 110
85 22
32 113
28 100
88 125
85 42
90 77
85 22
32 113
28 100
85 42
90 77
85 22
56 106
32 113
28 100
85 42
20 5
90 77
85 22
56 106
32 113
28 100
88 125
85 42
20 5
90 77
85 22
56 106
32 113
28 100
88 125
85 42
20 5
90 77
85 22
32 113
28 100
88 125
85 42
20 5
90 77
85 22
64 125
32 113
28 100
88 125
85 42
20 5
90 77
15 110
85 22
32 113
28 100
85 42
20 5
90 77
85 22
56 106
32 113
28 100
88 125
85 42
90 77
85 22
56 106
32 113
28 100
85 42
90 77
85 22
56 106
32 113
28 100
88 125
85 42
90 77
85 22
89 74
56 106
32 113
28 100
88 125
85 42
90 77
85 22
89 74
56 106
32 113
28 100
85 42
20 5
90 77
36 50
85 22
56 106
32 113
28 100
85 42
20 5
90 77
85 22
89 74
28 100
85 42
20 5
90 77
85 22
89 74
56 106
32 113
28 100
85 42
20 5
90 77
85 22
56 106
32 113
28 100
85 42
20 5
90 77
85 22
56 106
32 113
28 100
85 42
90 77
85 22
32 113
28 100
85 42
20 5
90 77
85 22
56 106
32 113
28 100
85 42
20 5
90 77
85 22
103 75
32 113
28 100
85 42
20 5
90 77
85 22
56 106
32 113
28 100
85 42
90 77
85 22
32 113
28 100
85 42
90 77
36 50
85 22
89 74
81 75
32 113
28 100
85 42
20 5
90 77
85 22
56 106
81 75
32 113
28 100
85 42
20 5
90 77
85 22
56 106
32 113
28 100
85 42
90 77
85 22
89 74
56 106
32 113
28 100
88 125
85 42
90 77
36 50
85 22
89 74
32 113
28 100
88 125
85 42
90 77
85 22
89 74
56 106
32 113
28 100
88 125
85 42
90 77
85 22
89 74
56 106
32 113
28 100
85 42
90 77
85 22
89 74
56 106
32 113
28 100
85 42
90 77
15 110
85 22
89 74
56 106
32 113
28 100
85 42
90 77
36 50
85 22
56 106
32 113
28 100
85 42
90 77
85 22
89 74
56 106
32 113
28 100
88 125
85 42
90 77
85 22
56 106
32 113
28 100
85 42
90 77
85 22
89 74
56 106
32 113
28 100
85 42
90 77
36 50
85 22
32 113
28 100
85 42
90 77
85 22
89 74
56 106
32 113
28 100
85 42
90 77
85 22
89 74
56 106
32 113
28 100
85 42
90 77
85 22
56 106
81 75
28 100
85 42
90 77
85 22
89 74
56 106
28 100
85 42
90 77
36 50
85 22
89 74
56 106
28 100
90 77
15 110
85 22
89 74
56 106
32 113
28 100
85 42
90 77
85 22
28 100
85 42
90 77
85 22
56 106
28 100
85 42
90 77
85 22
56 106
28 100
85 42
90 77
85 22
56 106
28 100
85 42
90 77
85 22
28 100
85 42
90 77
85 22
56 106
28 100
85 42
90 77
85 22
28 100
85 42
90 77
85 22
56 106
32 113
28 100
85 42
90 77
85 22
32 113
28 100
85 42
90 77
36 50
85 22
56 106
32 113
28 100
85 42
90 77
112 108
36 50
85 22
56 106
32 113
28 100
85 42
90 77
85 22
56 106
32 113
28 100
85 42
90 77
85 22
32 113
28 100
85 42
90 77
36 50
85 22
32 113
28 100
85 42
90 77
85 22
103 75
56 106
32 113
28 100
88 125
85 42
90 77
85 22
56 106
32 113
28 100
85 42
90 77
85 22
32 113
28 100
88 125
85 42
90 77
85 22
103 75
32 113
28 100
85 42
90 77
85 22
56 106
32 113
28 100
85 42
90 77
85 22
56 106
32 113
28 100
85 42
90 77
85 22
56 106
32 113
28 100
85 42
20 5
90 77
36 50
85 22
32 113
28 100
85 42
20 5
90 77
40 2
75 62
85 22
56 106
32 113
28 100
101 45
85 42
90 77
91 86
52 13
85 22
95 40
103 75
11 40
32 113
28 100
88 125
85 42
90 77
91 86
105 113
82 105
85 22
95 40
45 83
32 113
28 100
15 62
85 42
90 77
91 86
95 16
33 12
85 22
56 106
28 100
85 42
20 5
90 77
85 22
95 40
28 100
88 125
16 40
85 42
95 16
85 22
81 75
28 100
88 125
15 62
85 42
111 40
85 22
28 100
88 125
85 42
111 40
85 22
28 100
88 125
85 42
85 22
16 109
28 100
85 42
109 45
85 22
16 109
28 100
45 12
85 42
20 5
109 45
36 50
85 22
56 106
28 100
88 125
85 42
109 2
85 22
51 40
28 100
88 125
51 109
16 40
85 42
16 2
85 22
56 106
28 100
88 125
51 109
85 42
51 2
85 22
56 106
28 100
8 116
88 125
85 42
23 26
85 22
51 40
28 100
8 116
85 42
26 27
85 22
51 40
93 40
51 12
56 106
93 12
8 116
85 42
81 66
49 37
85 22
88 104
26 64
36 64
56 106
81 75
28 100
8 116
88 125
85 42
26 36
81 24
28 104
15 110
85 22
28 112
75 100
88 112
67 63
28 100
8 116
15 62
88 63
85 42
100 104
112 63
104 29
85 22
112 67
88 112
56 106
8 116
88 125
85 42
93 51
16 51
85 22
112 67
106 66
8 116
88 125
85 42
93 51
94 12
16 51
85 22
51 40
8 116
88 125
28 23
85 42
93 16
49 108
91 86
85 22
51 12
8 116
85 42
53 14
85 22
112 67
8 116
75 66
85 42
53 14
23 75
85 22
8 116
85 42
23 120
16 105
85 22
37 120
40 12
13 84
15 50
8 116
85 42
23 120
16 105
23 37
21 84
24 67
25 15
25 50
25 66
85 22
24 27
8 116
85 42
5 6
23 37
21 84
97 21
9 5
25 15
85 22
117 6
9 21
24 27
9 97
9 6
23 120
97 117
115 84
117 5
84 6
117 21
5 6
5 115
9 5
25 50
85 22
24 50
9 21
9 115
21 115
9 6
117 65
8 65
117 5
97 65
65 84
9 5
9 84
25 50
117 6
9 21
21 115
65 5
5 84
9 6
84 6
117 21
5 115
9 5
85 22
7 53
9 21
24 27
9 115
65 115
21 115
65 5
5 84
9 6
8 65
24 25
6 42
13 42
85 38
5 38
115 42
8 115
7 53
85 73
38 42
20 13
24 27
21 115
52 22
18 73
85 21
9 6
9 38
8 84
8 65
27 37
115 84
6 38
18 115
84 6
18 6
24 25
8 42
35 65
35 5
18 35
52 22
117 89
85 21
8 5
35 13
9 38
35 21
84 38
13 38
117 84
8 84
117 65
8 65
115 84
35 6
84 6
52 53
18 53
52 6
53 84
5 38
7 74
117 6
53 22
85 52
89 115
53 38
18 65
65 38
85 74
35 89
52 35
9 115
25 27
52 84
18 97
85 21
7 117
89 84
74 38
97 117
52 42
18 117
35 22
52 53
65 42
9 42
7 6
18 53
24 67
24 26
26 110
9 89
21 38
53 38
18 35
52 35
52 9
9 115
9 117
9 6
7 9
35 21
7 38
117 65
35 117
34 35
18 38
52 53
34 52
42 22
35 73
53 84
9 5
26 110
18 42
117 22
9 116
85 52
53 38
116 6
38 42
18 35
35 42
9 97
8 21
52 35
52 116
34 8
9 6
34 53
8 84
73 22
52 53
18 53
9 116
116 6
38 42
89 116
23 66
18 35
52 35
14 123
21 115
52 74
9 117
89 38
9 38
74 38
6 38
89 5
7 6
18 53
24 110
7 22
9 84
9 22
18 42
9 89
115 22
53 38
9 21
38 42
23 66
18 35
52 35
85 21
7 9
74 42
73 115
18 38
52 53
65 22
7 6
18 53
97 8
53 84
9 84
13 74
18 8
85 52
21 38
84 22
85 74
9 21
18 35
24 27
89 22
7 18
7 9
74 42
8 84
9 53
52 53
73 38
18 53
24 67
7 22
15 110
13 74
53 22
115 22
85 52
18 35
5 74
52 35
53 115
9 38
74 38
18 115
7 8
18 38
52 53
18 53
52 38
24 67
7 22
5 38
116 38
115 42
9 84
9 22
18 8
117 6
9 116
53 22
9 35
85 52
38 42
7 52
18 35
52 9
9 115
65 115
9 38
13 38
9 53
8 65
52 38
53 84
7 22
9 116
9 89
85 52
89 74
35 5
5 74
74 22
52 35
9 115
7 9
35 74
18 53
52 6
24 26
9 35
85 52
7 52
18 35
52 35
26 67
53 115
9 38
7 9
74 42
85 9
7 8
18 38
7 6
18 53
89 73
7 22
9 74
13 74
53 22
9 35
18 22
6 74
7 52
18 35
53 6
24 27
5 74
9 117
7 73
9 38
7 9
117 74
9 73
8 84
8 65
85 9
35 22
9 42
18 53
34 38
85 52
6 74
38 42
7 52
18 35
35 42
52 9
7 18
18 84
7 117
89 38
7 73
7 9
9 53
7 8
16 70
7 22
9 89
85 52
89 74
85 115
18 35
5 74
116 74
52 9
85 21
9 38
7 9
34 22
7 38
8 84
8 65
7 115
95 16
7 8
18 53
7 22
9 5
9 84
9 22
8 42
9 35
18 21
9 21
7 52
18 35
8 21
52 35
52 9
7 18
73 5
5 22
95 16
18 38
52 53
7 6
18 53
52 89
7 22
9 5
9 84
85 52
6 74
53 38
18 35
52 35
52 9
18 5
9 6
89 84
5 22
7 38
117 74
52 53
97 8
53 84
9 5
9 84
18 8
9 89
34 38
85 52
35 115
73 21
53 38
34 73
85 74
34 115
7 52
52 9
9 117
85 21
74 38
7 38
74 42
8 84
9 53
52 53
9 42
7 6
52 6
24 67
9 74
18 42
18 8
9 89
6 74
9 21
7 52
18 35
53 6
7 18
8 22
73 5
85 21
7 9
8 84
9 53
24 37
84 6
52 53
53 84
24 26
7 22
53 42
18 42
9 35
85 52
18 22
18 65
18 9
7 52
9 97
52 35
7 73
7 9
24 37
35 73
7 22
46 35
9 89
85 52
46 53
18 35
89 22
52 35
52 9
65 5
5 21
7 117
9 38
13 38
9 53
46 9
24 37
6 38
18 53
89 73
115 42
34 42
9 22
18 42
9 35
9 21
65 115
7 9
24 37
97 21
18 53
85 52
73 21
18 35
52 35
52 116
46 116
18 5
52 18
35 21
24 37
53 84
53 42
18 42
9 89
9 35
85 52
117 42
6 74
9 21
46 42
18 35
35 42
8 21
5 74
52 9
34 8
8 22
73 5
5 84
18 84
85 21
9 73
9 53
24 37
73 74
73 38
9 42
52 38
97 8
9 5
115 38
9 22
117 22
9 35
46 53
84 22
39 38
35 42
24 27
52 35
9 53
8 65
24 37
34 52
52 6
53 84
24 67
7 22
6 22
115 42
46 52
18 8
85 52
35 115
9 39
7 18
34 8
8 22
18 84
7 73
85 9
46 9
24 37
7 8
34 35
34 52
18 53
52 38
7 22
85 52
18 35
74 22
7 73
9 38
7 9
7 38
74 42
8 84
8 65
85 9
46 9
24 37
73 74
18 38
18 53
24 67
7 22
46 35
9 116
9 35
85 52
7 52
18 35
9 115
18 5
9 38
7 38
9 53
46 9
73 6
52 6
18 8
9 35
18 35
8 21
52 35
52 9
46 6
46 18
67 37
9 53
8 65
46 9
42 22
18 53
52 38
24 26
7 22
46 35
18 42
38 42
46 42
18 35
52 35
5 21
7 38
38 22
35 22
21 22
7 22
46 52
46 35
9 35
18 22
18 35
52 35
7 18
52 22
7 9
9 53
13 42
65 42
7 6
52 6
117 39
9 35
21 38
85 13
7 35
18 35
52 35
52 9
9 117
9 38
7 38
9 14
73 6
9 84
18 42
18 8
9 116
18 21
35 115
85 115
9 21
18 35
35 42
8 21
21 115
7 9
8 84
9 53
7 6
52 6
9 35
35 42
53 6
52 35
52 9
5 21
7 9
34 35
18 53
52 6
9 5
46 35
34 18
9 35
85 52
117 115
9 21
34 115
9 115
18 5
85 21
7 9
7 6
52 6
46 35
8 42
9 35
85 52
9 39
7 84
52 35
85 21
52 18
7 9
8 84
9 53
85 9
9 8
26 37
18 38
7 6
24 26
7 22
115 38
9 22
18 8
35 115
18 22
53 6
52 35
77 113
46 6
85 21
7 38
8 84
8 65
38 22
39 22
18 115
18 38
7 6
18 42
53 5
34 18
89 115
35 42
89 22
52 35
46 6
7 73
5 22
7 38
9 84
9 22
46 115
117 115
34 9
18 5
35 21