16 51
41 65
16 51
41 65
14 41
14 41
14 41
40 33
41 65
14 41
1 40
82 109
109 99
126 31
126 31
14 41
16 51
16 51
14 41
16 51
16 51
94 44
14 41
94 44
14 41
41 65
25 27
14 41
3 41
26 75
3 41
3 65
41 65
26 75
3 41
3 65
3 41
3 41
75 27
75 11
26 11
26 75
80 41
25 27
3 41
26 11
3 41
26 11
80 41
3 41
75 27
3 41
3 41
26 11
3 41
3 41
26 27
9 65
3 41
75 11
9 65
3 41
26 11
52 9
26 11
52 9
14 20
26 11
75 11
26 11
26 11
26 11
75 27
25 27
95 3
95 3
95 3
40 83
12 83
41 10
26 27
26 11
56 40
81 40
95 51
69 4
75 11
81 75
75 11
26 11
11 40
26 11
11 40
52 18
26 11
94 16
11 40
80 119
94 44
75 40
26 11
75 40
26 11
11 40
16 40
75 11
26 11
75 83
95 16
26 11
26 75
75 83
95 16
56 40
60 65
26 11
81 26
80 119
26 11
26 75
106 40
95 16
26 11
26 75
106 40
95 16
26 11
106 40
81 27
75 11
26 11
106 40
56 40
95 51
75 11
26 11
106 40
26 11
56 40
26 11
60 115
106 40
75 11
26 11
88 64
106 40
56 40
26 11
43 43
95 16
56 40
26 11
56 40
16 3
26 11
81 75
56 40
26 11
106 40
56 40
81 26
28 100
26 11
28 100
56 40
26 11
28 100
26 11
81 26
28 100
28 100
60 5
26 11
106 40
26 11
28 100
95 16
26 11
28 100
95 16
56 40
5 115
75 11
26 11
81 26
106 40
26 11
81 26
95 51
26 11
81 26
51 119
95 51
28 100
28 36
41 5
51 119
95 16
95 51
16 51
81 26
28 100
28 36
106 40
95 16
28 29
56 40
95 51
100 36
81 26
28 100
28 36
106 40
95 16
28 29
28 56
28 108
106 40
95 16
28 29
29 108
26 11
28 108
56 106
28 100
106 40
81 11
29 108
26 11
95 16
26 11
28 100
41 5
95 16
16 51
75 11
26 11
28 100
41 5
95 16
95 51
100 36
28 100
28 36
41 5
95 16
100 36
28 100
25 27
28 36
41 5
95 16
28 100
41 5
80 119
106 40
95 16
28 100
41 5
106 40
95 16
41 5
95 16
41 5
106 40
95 16
95 51
81 27
11 40
25 27
41 5
95 16
81 27
56 83
41 5
106 40
95 16
95 51
26 75
81 75
41 5
95 16
95 16
40 83
56 106
41 5
56 106
41 5
40 83
26 11
41 5
95 16
26 11
3 80
41 5
95 16
51 80
26 11
41 5
95 16
26 11
41 5
81 27
26 11
26 11
51 119
81 27
26 11
100 36
81 27
26 11
28 100
75 27
100 36
26 11
28 100
28 36
95 16
75 27
26 11
16 3
26 11
26 27
15 51
16 3
25 27
26 27
26 11
81 26
41 5
81 11
75 27
81 26
81 75
41 5
15 51
26 11
81 75
26 25
40 83
16 3
26 11
56 106
25 27
75 27
40 83
26 11
25 27
41 5
15 51
26 11
25 27
80 119
75 27
15 51
26 75
25 27
80 119
81 11
95 16
15 51
26 75
80 119
13 115
95 16
15 80
15 51
40 83
26 75
13 115
95 16
15 51
26 75
13 115
26 75
26 75
25 27
95 16
25 27
95 16
95 51
15 51
51 80
75 11
95 16
95 51
75 11
81 26
95 51
40 83
13 115
40 83
40 83
109 78
95 16
51 80
40 83
16 3
59 69
80 119
51 119
3 119
51 80
16 119
51 119
28 75
51 80
75 100
28 100
51 119
28 75
11 83
75 36
28 36
51 119
28 75
75 36
16 3
100 36
75 11
75 100
108 11
110 80
28 100
28 36
95 16
95 51
100 36
75 11
28 100
28 36
41 5
11 6
95 80
51 119
100 36
75 11
28 36
51 119
100 36
28 100
28 36
80 119
11 6
95 16
100 36
108 11
28 100
28 36
41 5
80 119
11 6
95 16
16 3
100 36
28 100
28 36
41 5
80 119
11 6
95 16
16 3
36 94
28 100
28 36
80 119
11 6
95 16
28 100
80 119
11 6
80 119
11 6
95 16
80 119
11 6
95 16
1 101
51 80
11 6
95 16
40 83
94 1
41 5
11 6
95 16
44 59
1 32
95 16
1 32
95 16
94 44
69 4
1 32
59 4
11 6
95 16
16 3
1 32
59 4
11 6
95 16
1 3
1 32
59 4
11 6
94 44
1 3
102 41
59 4
11 6
94 44
59 69
102 41
11 6
59 69
102 41
11 6
94 44
41 5
102 41
124 80
11 6
95 16
102 41
124 80
11 6
95 16
52 80
102 41
11 6
95 16
102 41
124 80
11 6
95 16
102 41
124 80
11 6
95 16
11 6
95 16
94 44
75 11
3 11
102 41
11 6
95 16
3 69
75 11
51 71
102 41
11 6
95 16
94 44
75 11
101 51
101 69
102 41
124 80
11 6
95 16
94 44
75 11
102 41
43 80
11 6
95 16
94 44
75 11
102 41
94 44
16 3
75 11
102 41
1 51
11 6
75 11
101 32
102 41
1 51
11 6
94 44
101 32
102 41
1 51
101 32
102 41
94 44
51 32
16 3
81 26
102 41
32 3
102 41
32 3
95 16
94 44
102 41
94 44
60 13
94 44
60 13
102 41
95 16
94 44
25 27
94 44
1 119
16 32
16 32
95 32
95 16
95 16
17 78
43 80
95 16
15 51
81 26
1 40
1 51
40 119
1 40
16 40
1 16
27 29
25 29
109 78
108 5
109 78
102 41
109 78
109 78
94 44
15 66
109 78
40 83
17 78
75 6
65 115
109 78
75 83
109 78
102 5
109 78
94 44
109 78
75 6
109 78
75 6
109 78
109 78
75 6
109 78
109 78
40 83
109 78
109 115
75 6
75 6
94 44
75 6
66 110
75 6
83 6
94 44
17 78
17 78
40 83
15 110
25 98
28 36
28 36
63 108
88 108
63 108
28 100
88 125
88 63
63 108
108 125
63 125
67 108
88 108
28 100
88 125
63 108
63 125
67 108
63 108
100 64
81 36
67 63
28 100
36 29
109 119
63 108
23 120
28 88
60 8
28 100
36 29
63 108
28 88
94 44
67 108
15 110
88 64
28 100
75 66
63 108
23 120
28 64
88 64
106 66
44 83
28 100
63 108
28 64
106 66
17 78
28 100
63 108
23 120
28 88
94 44
40 83
67 63
36 64
28 100
28 88
40 83
88 64
67 63
36 64
28 100
40 119
40 83
67 63
36 64
28 100
109 40
23 120
40 83
36 64
28 100
15 62
23 120
8 84
64 125
56 106
28 100
23 120
28 88
40 83
67 63
64 125
56 106
15 62
23 120
40 83
64 125
56 106
109 40
40 83
88 64
56 106
28 100
40 83
56 106
36 29
40 83
85 22
36 29
23 120
50 64
94 109
40 83
40 83
85 22
23 120
40 83
88 125
28 64
94 44
40 83
15 62
40 83
66 110
53 14
20 5
66 110
53 14
28 64
66 110
20 5
28 64
23 26
85 22
20 5
66 110
25 66
88 125
23 26
25 66
66 110
28 100
53 14
66 110
81 75
28 100
66 110
81 75
66 110
81 75
28 100
20 5
66 110
20 5
40 83
66 110
81 75
40 83
66 110
66 110
81 75
66 110
66 110
66 110
66 110
66 110
24 50
66 110
81 75
66 110
103 75
81 75
36 50
66 110
25 27
109 119
25 27
109 119
66 110
88 125
25 27
109 119
37 29
66 110
88 125
88 125
20 5
20 5
20 5
20 5
66 110
20 5
66 110
66 110
49 37
66 110
25 27
66 110
52 13
66 110
66 110
66 110
20 5
66 110
37 29
66 110
28 64
37 29
88 125
66 110
66 110
85 22
56 106
28 100
85 22
66 110
56 106
88 125
85 22
66 110
56 106
85 22
66 110
56 106
66 110
56 106
88 125
85 22
66 110
56 106
88 125
66 110
56 106
88 125
20 5
40 83
66 110
56 106
8 84
40 83
66 110
20 5
49 37
66 110
56 106
88 125
20 5
49 37
66 110
88 125
20 5
49 37
66 110
88 125
20 5
40 83
66 110
88 125
53 14
20 5
40 83
66 110
88 125
52 13
40 83
66 110
20 5
49 37
40 83
66 110
49 37
40 83
66 110
85 22
66 110
40 83
66 110
81 75
88 125
49 37
66 110
56 106
88 125
49 37
40 83
66 110
56 106
88 125
49 37
66 110
56 106
49 37
55 77
40 83
66 110
56 106
49 37
66 110
56 106
49 37
66 110
56 106
49 37
36 50
66 110
56 106
88 125
49 37
36 50
66 110
56 106
88 125
49 37
66 110
56 106
88 125
63 108
66 110
56 106
88 125
49 37
66 110
56 106
88 125
66 110
56 106
88 125
66 110
56 106
88 125
66 110
56 106
28 100
20 5
49 37
66 110
56 106
28 100
66 110
56 106
28 100
88 125
49 37
66 110
28 100
49 37
66 110
28 100
49 37
66 110
56 106
28 100
49 37
66 110
56 106
28 100
49 37
66 110
56 106
28 100
49 37
66 110
56 106
28 100
49 37
66 110
56 106
28 100
88 125
49 37
66 110
56 106
49 37
66 110
56 106
66 110
56 106
66 110
56 106
66 110
56 106
28 100
49 37
66 110
56 106
28 100
49 37
66 110
28 100
20 5
49 37
66 110
56 106
28 100
20 5
66 110
56 106
56 100
88 64
66 110
56 106
28 100
49 37
56 100
66 110
56 106
66 110
56 106
20 5
49 37
56 100
66 110
56 106
15 62
20 5
66 110
56 106
66 110
56 106
28 100
66 110
56 106
66 110
56 106
66 110
56 106
49 37
66 110
56 106
49 37
56 100
66 110
56 106
49 37
66 110
56 106
49 37
66 110
56 106
49 37
56 106
49 37
66 110
56 106
49 37
56 100
56 106
28 100
49 37
56 100
28 100
49 37
52 13
56 106
28 100
20 5
49 37
49 37
94 109
85 22
94 109
115 61
49 37
56 100
94 109
28 100
20 5
49 37
66 110
28 100
49 37
66 110
66 110
81 75
28 100
66 110
56 106
81 75
49 37
66 110
49 37
66 110
49 37
66 110
88 125
20 5
66 110
20 5
66 110
81 75
66 110
81 75
66 110
49 37
66 110
88 125
66 110
20 5
49 37
66 110
49 37
94 44
66 110
49 37
94 44
66 110
56 106
115 61
20 5
85 22
66 110
66 110
115 61
85 22
66 110
56 100
66 110
56 106
56 100
66 110
81 75
66 110
81 75
66 110
81 75
66 110
56 100
66 110
81 75
49 37
56 100
66 110
56 100
66 110
66 110
88 125
49 37
66 110
88 125
56 100
66 110
81 75
88 125
20 5
56 100
66 110
81 75
88 125
56 100
66 110
81 75
88 125
66 110
81 75
28 100
88 125
49 37
66 110
81 75
88 125
49 37
66 110
81 75
28 100
88 125
49 37
66 110
81 75
88 125
20 5
49 37
66 110
28 100
88 125
115 61
49 37
66 110
28 100
88 125
20 5
85 22
66 110
28 100
88 125
115 61
66 110
28 100
85 22
66 110
28 100
66 110
28 100
115 61
66 110
28 100
49 37
66 110
56 106
88 125
85 22
66 110
88 125
85 22
66 110
56 100
85 22
66 110
28 100
66 110
88 125
66 110
88 125
66 110
85 22
66 110
85 22
66 110
55 77
66 110
66 110
88 125
94 44
85 22
66 110
66 110
66 110
49 37
66 110
49 37
28 56
66 110
85 22
66 110
66 110
53 14
66 110
66 110
56 100
66 110
28 100
75 110
66 110
56 100
28 100
75 110
81 75
85 22
81 75
81 75
41 5
85 22
81 75
115 61
85 22
81 75
115 61
41 5
85 22
81 75
115 61
85 22
81 75
115 61
41 5
85 22
81 75
85 22
81 75
56 100
85 22
81 75
85 22
81 75
115 61
81 75
115 61
85 22
81 75
115 61
85 22
81 75
115 61
56 100
85 22
81 75
115 61
85 22
81 75
85 22
81 75
85 22
81 75
49 37
81 75
81 75
81 75
81 75
81 75
40 83
85 22
81 75
28 100
109 83
85 22
66 110
81 75
28 100
85 22
81 75
28 100
81 75
28 100
81 75
28 100
85 22
66 110
81 75
28 100
81 75
28 100
20 5
81 75
28 100
81 75
28 100
81 75
28 100
81 75
85 22
81 75
28 100
81 75
28 100
88 125
81 75
28 100
88 125
81 75
28 100
81 75
28 100
85 22
100 112
81 75
28 100
85 22
100 112
81 75
28 100
81 75
28 100
56 100
85 22
66 110
81 75
28 100
85 22
81 75
28 100
85 22
81 75
28 100
88 125
85 22
81 75
28 100
85 22
81 75
28 100
56 100
66 110
81 75
28 100
56 100
85 22
81 75
28 100
85 22
81 75
28 100
85 22
81 75
28 100
85 22
81 75
28 100
66 110
81 75
28 100
66 110
81 75
28 100
85 22
81 75
28 100
53 14
56 100
85 22
81 75
28 100
85 22
81 75
28 100
85 22
81 75
28 100
85 22
81 75
28 100
85 22
66 110
81 75
28 100
85 22
122 73
81 75
28 100
85 22
81 75
28 100
81 75
28 100
85 22
122 73
81 75
28 100
20 5
81 75
28 100
81 75
28 100
66 110
81 75
28 100
66 110
81 75
28 100
81 75
28 100
81 75
28 100
81 75
9 19
28 100
81 75
9 19
28 100
15 110
81 75
28 100
81 75
28 100
81 75
28 100
20 5
81 75
9 19
28 100
20 5
81 75
9 19
28 100
81 75
28 100
85 22
81 75
28 100
85 22
67 63
81 75
28 100
85 22
67 63
81 75
28 100
85 22
67 63
81 75
28 100
85 22
81 75
28 100
20 5
85 22
81 75
28 100
88 125
85 22
81 75
28 100
56 100
85 22
81 75
28 100
85 22
66 110
81 75
28 100
88 125
85 22
81 75
28 100
56 100
85 22
81 75
28 100
15 110
85 22
81 75
28 100
85 22
81 75
28 100
81 75
9 19
28 100
85 22
81 75
9 19
28 100
85 22
81 75
9 19
28 100
81 75
28 100
85 22
81 75
28 100
85 22
66 110
122 73
81 75
28 100
115 61
20 5
81 75
9 19
28 100
85 22
81 75
9 19
28 100
85 22
81 75
28 100
20 5
85 22
81 75
28 100
20 5
85 22
28 100
85 22
81 75
28 100
85 22
81 75
9 19
28 100
85 22
81 75
9 19
28 100
85 22
81 75
28 100
85 22
81 75
28 100
115 61
13 42
85 22
81 75
28 100
115 61
85 22
81 75
28 100
81 75
28 100
115 61
56 100
85 22
81 75
28 100
115 61
85 22
66 110
81 75
28 100
56 100
85 22
81 75
28 100
115 61
81 75
28 100
115 61
20 5
81 75
28 100
20 5
56 100
81 75
28 100
85 22
81 75
28 100
115 61
81 75
28 100
115 61
81 75
28 100
115 61
81 75
28 100
115 61
85 22
81 75
9 19
28 100
115 61
56 100
81 75
28 100
115 61
56 100
81 75
28 100
115 61
81 75
28 100
115 61
56 100
81 75
28 100
115 61
81 75
9 19
28 100
115 61
81 75
28 100
115 61
85 22
81 75
28 100
88 125
115 61
81 75
28 100
88 125
81 75
28 100
88 125
81 75
28 100
88 125
85 22
81 75
28 100
88 125
85 22
28 100
88 125
20 5
85 22
81 75
28 100
88 125
20 5
56 100
85 22
81 75
28 100
88 125
85 22
81 75
28 100
88 125
85 22
81 75
28 100
88 125
52 22
81 75
28 100
88 125
85 22
81 75
28 100
88 125
85 22
81 75
28 100
88 125
52 22
85 22
81 75
28 100
88 125
52 22
66 110
81 75
28 100
88 125
77 80
66 110
81 75
28 100
40 83
28 56
66 110
81 75
28 100
85 22
66 110
81 75
28 100
26 27
56 100
81 75
88 125
90 2
26 27
56 100
81 75
88 125
26 27
56 100
88 64
81 75
9 19
36 29
88 125
15 62
26 27
66 62
60 14
81 75
28 100
36 29
88 125
115 61
100 64
14 13
56 100
36 50
85 22
37 64
81 75
28 100
88 125
100 64
49 50
52 13
36 50
49 36
56 24
81 75
70 59
28 100
115 61
63 108
23 120
36 64
9 19
28 100
88 125
115 61
59 69
26 27
85 22
69 4
9 19
28 100
115 61
48 49
85 22
69 4
62 113
9 47
9 19
28 100
88 125
115 61
63 108
27 50
80 79
103 122
85 65
62 113
9 47
28 100
88 125
63 108
65 22
46 39
85 65
62 113
28 100
70 69
15 50
88 125
27 67
48 49
85 42
40 69
53 14
13 115
46 39
101 22
62 113
70 69
88 125
27 67
63 108
101 8
60 61
46 39
101 22
112 67
62 113
70 59
70 69
115 61
27 67
24 9
60 115
101 8
14 115
14 8
60 61
46 39
112 67
115 61
24 9
60 115
112 29
60 61
115 61
60 115
112 29
60 61
115 6
60 6
115 61
60 115
112 29
5 61
60 61
115 6
61 6
41 65
60 6
115 61
60 115
81 19
23 120
112 29
73 74
60 61
115 61
60 115
112 29
60 61
41 65
115 61
60 115
60 61
41 65
24 40
115 61
23 67
60 115
112 29
60 61
41 65
6 74
26 75
56 106
115 61
23 67
23 112
60 115
112 29
60 61
67 29
56 106
28 100
115 74
23 67
23 112
112 29
23 29
73 74
60 61
15 51
41 65
56 106
28 100
60 61
15 51
6 74
56 106
60 61
6 74
56 106
60 61
56 106
85 101
60 61
56 106
85 42
101 42
60 61
56 23
106 23
56 106
101 42
60 61
56 23
106 23
56 106
60 61
106 23
56 106
60 61
56 106
56 106
60 61
29 47
29 47
15 51
66 51
66 51
29 47
23 120
60 61
60 61
60 61
80 61
60 61
53 14
80 61
60 61
60 80
53 14
80 61
53 14
80 61
53 14
80 61
53 14
53 14
16 55
16 14
53 14
53 14
53 14
53 14
53 14
53 14
53 14
53 14
53 14
53 14
53 14
53 14
53 14
53 14
35 115
35 115
81 36