57 4
26 57
57 4
26 57
26 75
75 57
26 57
26 75
75 57
26 57
26 75
26 57
75 57
26 57
75 66
26 57
26 4
26 57
57 4
26 57
26 57
26 75
75 57
26 57
26 4
26 57
26 4
26 57
26 57
26 57
26 75
75 57
26 57
26 75
75 57
26 37
37 57
26 57
26 75
26 37
37 57
57 4
26 57
37 4
26 4
26 37
37 11
57 4
26 57
26 4
26 37
37 57
57 4
26 57
26 4
26 37
37 57
37 11
57 4
26 57
26 11
37 4
26 4
11 4
26 37
37 57
57 4
26 57
26 11
11 57
37 4
11 4
26 37
37 57
37 11
57 4
26 57
26 11
11 57
37 4
26 4
37 57
57 4
26 57
26 11
11 57
37 4
66 37
26 4
11 4
75 57
26 27
37 57
37 11
57 4
26 57
75 11
26 11
11 57
37 4
26 4
11 4
75 57
37 57
57 4
26 57
26 11
11 57
26 4
27 37
26 37
37 57
57 4
26 57
106 45
26 4
27 37
26 37
37 57
37 11
26 57
26 11
11 57
26 37
37 57
57 4
26 57
26 11
26 4
26 37
37 11
57 4
26 57
75 11
26 4
27 37
26 37
37 11
57 4
26 57
106 45
75 11
26 11
25 27
26 4
27 37
37 11
57 4
81 24
68 33
75 37
75 11
106 66
25 27
37 11
57 4
26 57
26 11
45 68
26 4
26 37
37 57
37 11
57 4
26 57
26 11
11 57
26 4
71 45
11 4
45 33
37 57
37 11
57 4
26 57
68 33
75 11
26 11
11 57
45 68
26 4
27 37
45 33
26 37
24 4
37 11
57 4
26 57
24 26
106 66
27 11
26 4
34 53
81 11
24 4
81 37
37 11
57 4
26 57
24 26
106 45
66 45
81 27
75 11
106 66
27 11
24 57
26 4
56 45
27 37
81 11
81 37
37 11
26 57
106 45
81 57
66 45
75 37
3 99
81 27
106 66
56 106
81 75
24 57
26 4
24 75
27 37
81 11
75 57
37 11
57 4
26 57
81 57
66 45
75 37
71 33
106 66
26 75
56 45
109 99
81 37
56 88
37 11
57 4
81 24
88 66
68 33
24 11
71 33
26 11
106 66
27 11
106 88
88 45
81 4
11 4
44 99
81 11
24 37
56 88
37 11
68 33
106 45
66 45
3 99
81 27
24 11
106 66
81 26
26 75
82 3
106 88
81 4
11 4
44 99
81 11
109 99
26 27
75 27
56 88
68 33
3 44
24 88
75 11
26 11
106 66
81 26
27 11
26 75
25 11
24 45
25 27
81 11
24 66
109 99
26 27
56 88
3 44
81 27
24 88
26 11
106 66
81 26
109 111
26 75
56 24
106 24
24 45
82 99
81 11
109 99
26 27
56 88
26 25
3 44
109 3
24 88
81 26
111 99
26 75
75 25
56 24
106 24
82 99
106 88
11 33
81 25
26 27
37 57
56 88
57 4
106 45
26 25
3 44
109 3
24 88
106 66
111 99
28 111
56 106
56 24
24 45
27 63
25 27
106 88
26 27
75 27
56 88
57 4
26 25
63 29
28 99
3 44
81 27
106 66
28 82
111 99
28 109
26 75
28 111
81 75
106 24
27 63
82 99
25 27
106 88
71 11
26 27
75 27
37 57
56 88
57 4
26 25
63 29
28 99
106 66
28 82
81 26
111 99
28 109
28 111
75 25
81 75
82 99
25 27
88 63
56 29
24 66
24 3
26 27
75 27
37 57
56 88
57 4
106 45
63 29
28 99
88 29
81 27
1 11
56 63
81 26
111 99
28 109
28 111
75 25
81 75
25 27
88 63
56 29
40 45
24 66
24 3
26 27
37 57
56 88
57 4
63 29
28 99
88 29
26 75
28 111
81 75
11 68
82 99
88 63
24 66
26 37
26 27
57 4
68 33
54 12
63 29
3 44
88 29
93 30
56 63
81 26
28 111
11 68
25 27
88 63
106 57
11 33
88 57
81 25
106 54
24 66
40 57
57 4
54 40
54 57
106 4
37 29
27 29
106 66
111 99
28 111
32 30
54 4
40 57
57 4
48 25
3 44
54 40
54 57
111 99
40 4
32 17
54 4
94 44
40 57
30 83
57 4
54 40
54 57
37 29
111 99
11 68
40 4
94 3
54 4
3 44
54 40
54 57
109 111
111 99
56 106
11 68
11 33
94 3
94 44
109 99
30 40
3 44
111 99
30 4
11 68
40 4
94 3
94 44
93 59
3 44
54 57
109 3
111 99
30 4
11 40
24 27
11 68
82 99
94 3
95 80
94 44
54 70
93 59
40 68
54 57
30 4
11 40
11 68
16 59
94 3
93 59
68 33
3 44
40 68
16 78
23 16
30 4
81 75
11 68
63 108
11 33
94 3
24 66
94 44
54 57
23 78
23 16
95 79
111 99
16 31
30 4
45 57
63 108
94 3
93 59
68 33
23 36
54 57
16 78
95 79
58 50
67 63
16 31
11 68
79 2
11 33
94 3
31 78
94 44
54 45
68 33
54 57
16 78
58 50
24 50
16 31
30 4
79 2
11 33
94 3
23 26
94 44
68 33
16 78
16 79
11 40
36 29
63 108
11 33
94 3
23 26
94 44
16 78
16 31
30 4
11 40
45 57
23 66
36 29
88 125
11 33
94 3
16 78
109 111
16 31
88 125
40 4
23 26
1 17
94 78
88 125
109 57
94 3
23 26
28 104
3 44
94 78
30 4
82 16
56 106
94 31
88 125
23 26
3 44
1 71
88 104
30 4
56 106
23 26
16 78
30 4
56 106
59 69
16 44
45 33
51 11
16 78
54 33
30 4
56 106
59 69
33 78
56 106
59 69
33 78
94 54
3 107
57 4
51 11
1 71
56 106
36 29
59 69
94 54
3 107
57 4
1 71
30 4
56 106
36 29
3 107
57 4
15 110
66 110
30 4
56 106
23 66
36 29
16 55
109 44
3 107
57 4
51 11
15 110
1 71
66 110
56 106
23 66
36 29
59 17
109 44
66 110
56 106
36 29
59 17
1 71
66 110
56 106
36 29
59 17
16 55
1 71
66 110
56 106
36 29
23 26
1 71
66 110
56 106
36 29
23 26
66 110
56 106
36 29
23 26
1 71
56 106
23 66
36 29
56 106
36 29
1 71
88 104
56 106
36 29
56 106
23 66
36 29
56 106
23 66
36 29
56 106
23 66
36 29
56 106
36 29
1 71
56 106
36 29
56 106
36 29
1 71
56 106
45 83
36 29
1 71
56 106
45 83
36 29
56 106
45 83
36 29
1 71
56 106
45 83
36 29
1 71
56 106
45 83
36 29
1 71
56 106
36 29
88 125
1 71
88 104
56 106
23 66
45 83
36 29
88 125
15 110
1 71
88 104
56 106
45 83
36 29
1 71
56 106
36 29
23 26
1 71
56 106
45 83
36 29
23 26
1 71
56 106
36 29
23 26
1 71
56 106
36 29
23 26
15 110
56 106
36 29
16 55
23 26
56 106
45 83
36 29
88 125
56 106
45 83
36 29
15 110
56 106
45 83
36 29
23 26
56 106
45 83
36 29
23 26
101 107
56 106
45 83
36 29
88 125
101 107
56 106
45 83
36 29
88 125
82 113
1 71
101 107
56 106
36 29
88 125
82 113
23 26
1 71
101 107
36 29
88 125
82 113
23 26
1 71
101 107
56 106
36 29
88 125
82 113
23 26
1 71
101 107
56 106
36 29
82 113
23 26
101 107
56 106
36 29
88 125
82 113
16 55
101 107
56 106
36 29
88 125
82 113
88 104
101 107
56 106
36 29
88 125
82 113
101 107
56 106
36 29
82 113
101 107
56 106
36 29
82 113
101 107
56 106
36 29
82 113
101 107
56 106
36 29
103 49
82 113
101 107
56 106
36 29
88 125
82 113
1 71
101 107
56 106
45 83
36 29
88 125
82 113
1 71
101 107
56 106
36 29
88 125
82 113
1 71
101 107
56 106
36 29
82 113
1 71
101 107
56 106
36 29
88 125
82 113
1 71
101 107
56 106
36 29
88 125
82 113
1 71
101 107
56 106
36 29
82 113
23 26
1 71
101 107
56 106
36 29
82 113
1 71
101 107
56 106
45 83
36 29
82 113
101 107
56 106
45 83
36 29
82 113
101 107
56 106
36 29
82 113
1 71
101 107
56 106
36 29
82 113
1 71
101 107
56 106
36 29
82 113
1 71
101 107
56 106
36 29
82 113
101 107
56 106
36 29
88 125
82 113
1 71
101 107
56 106
45 83
36 29
88 125
82 113
1 71
101 107
56 106
45 83
36 29
88 125
82 113
23 26
1 71
101 107
56 106
45 83
36 29
88 125
82 113
1 71
101 107
56 106
36 29
88 125
82 113
1 71
101 107
56 106
36 29
88 125
82 113
1 71
101 107
56 106
45 83
36 29
88 125
82 113
23 26
1 71
101 107
56 106
45 83
36 29
88 125
82 113
1 71
101 107
56 106
36 29
88 125
103 49
82 113
1 71
101 107
56 106
36 29
82 113
1 71
101 107
56 106
45 83
36 29
82 113
101 107
56 106
45 83
36 29
82 113
23 26
101 107
56 106
36 29
82 113
101 107
56 106
36 29
82 113
101 107
56 106
36 29
82 113
101 107
56 106
36 29
82 113
101 107
56 106
36 29
88 125
82 113
101 107
56 106
36 29
88 125
82 113
88 104
101 107
56 106
36 29
88 125
82 113
88 104
101 107
56 106
36 29
103 49
82 113
101 107
56 106
36 29
103 49
82 113
101 107
56 106
36 29
82 113
101 107
56 106
36 29
103 49
82 113
101 107
56 106
36 29
82 113
56 106
36 29
103 49
82 113
56 106
36 29
103 49
82 113
28 104
56 106
36 29
82 113
101 107
56 106
36 29
82 113
23 26
101 107
56 106
36 29
82 113
101 107
56 106
36 29
103 49
82 113
101 107
56 106
36 29
82 113
56 106
36 29
82 113
101 107
56 106
36 29
103 49
82 113
28 104
101 107
56 106
36 29
103 49
82 113
101 107
56 106
36 29
103 49
82 113
101 107
56 106
36 29
82 113
101 107
56 106
36 29
88 125
82 113
101 107
56 106
36 29
88 125
82 113
88 104
101 107
56 106
36 29
82 113
1 71
101 107
56 106
81 75
45 83
36 29
82 113
23 26
101 107
56 106
36 29
82 113
101 107
56 106
36 29
82 113
23 26
88 104
101 107
56 106
36 29
82 113
23 26
66 110
101 107
56 106
36 29
82 113
23 26
88 104
66 110
56 106
45 83
36 29
103 49
82 113
23 26
88 104
66 110
56 106
36 29
103 49
82 113
88 104
66 110
56 106
36 29
88 125
82 113
88 104
66 110
56 106
36 29
82 113
88 104
66 110
101 107
56 106
45 83
36 29
82 113
88 104
101 107
56 106
36 29
82 113
88 104
66 110
101 107
56 106
81 75
36 29
103 49
82 113
56 106
81 75
36 29
88 125
103 49
82 113
56 106
81 75
45 83
36 29
88 125
82 113
56 106
36 29
88 125
82 113
88 104
56 106
45 83
36 29
88 125
103 49
82 113
23 26
88 104
56 106
36 29
103 49
82 113
23 26
88 104
56 106
36 29
88 125
82 113
88 104
56 106
36 29
82 113
88 104
66 110
67 63
56 106
36 29
82 113
88 104
101 107
56 106
36 29
88 125
82 113
16 55
88 104
56 106
36 29
82 113
56 106
36 29
103 49
82 113
66 110
56 106
45 83
36 29
82 113
56 106
36 29
82 113
56 106
36 29
82 113
56 106
36 29
82 113
56 106
36 29
103 49
82 113
1 71
66 110
56 106
36 29
103 49
82 113
23 26
66 110
56 106
36 29
82 113
66 110
56 106
36 29
82 113
23 26
56 106
45 83
36 29
103 49
82 113
23 26
56 106
36 29
82 113
66 110
56 106
45 83
36 29
88 125
56 106
36 29
103 49
56 106
36 29
88 125
82 113
56 106
45 83
36 29
66 110
56 106
36 29
15 62
66 110
56 106
45 83
36 29
82 113
66 110
56 106
36 29
88 125
82 113
66 110
56 106
36 29
103 49
82 113
56 106
36 29
82 113
88 104
56 106
45 83
36 29
88 125
82 113
56 106
45 83
36 29
88 125
82 113
88 104
56 106
36 29
82 113
23 26
56 106
36 29
82 113
56 106
36 29
88 125
82 113
88 104
56 106
36 29
88 125
82 113
88 104
56 106
45 83
36 29
88 125
82 113
88 104
56 106
45 83
36 29
82 113
88 104
66 110
56 106
45 83
36 29
82 113
56 106
45 83
36 29
82 113
56 106
45 83
36 29
82 113
57 4
88 104
66 110
56 106
36 29
82 113
66 110
56 106
36 29
82 113
66 110
67 63
56 106
45 83
36 29
88 125
82 113
23 26
67 63
56 106
36 29
82 113
56 106
45 83
36 29
82 113
88 104
66 110
56 106
45 83
36 29
82 113
88 104
66 110
56 106
45 83
36 29
82 113
56 106
36 29
82 113
56 106
45 83
36 29
82 113
66 110
56 106
36 29
82 113
56 106
45 83
36 29
88 125
82 113
60 96
56 106
45 83
36 29
88 125
82 113
56 106
36 29
88 125
82 113
56 106
45 83
36 29
88 125
82 113
56 106
36 29
82 113
56 106
36 29
82 113
9 20
56 106
36 29
88 125
82 113
8 115
56 106
36 29
88 125
82 113
9 20
56 106
36 29
8 61
88 125
82 113
41 21
60 42
73 22
23 26
13 42
56 106
36 29
82 113
41 21
73 22
23 26
9 20
56 106
36 29
8 61
82 113
41 21
60 42
73 22
23 26
86 13
65 72
56 106
36 29
8 61
82 113
8 5
56 106
36 29
60 13
8 61
82 113
23 26
60 8
56 106
36 29
82 113
41 5
56 106
36 29
60 13
82 113
23 26
56 106
45 83
36 29
60 13
85 42
82 113
85 22
122 73
56 106
36 29
85 42
82 113
85 22
122 73
56 106
36 29
82 113
65 22
85 22
56 106
81 75
36 29
82 113
56 106
81 75
36 29
82 113
66 110
56 106
81 75
36 29
88 125
82 113
56 106
81 75
36 29
82 113
56 106
36 29
88 125
82 113
56 106
36 29
88 125
82 113
56 106
36 29
88 125
82 113
23 26
101 107
56 106
36 29
88 125
82 113
56 106
36 29
88 125
82 113
66 110
101 107
56 106
45 83
36 29
88 125
82 113
23 26
56 106
36 29
88 125
82 113
101 107
56 106
45 83
36 29
88 125
82 113
15 110
56 106
82 113
56 106
36 29
82 113
101 107
56 106
82 113
15 110
56 106
36 29
82 113
15 110
56 106
36 29
88 125
82 113
15 110
56 106
88 125
82 113
56 106
36 29
88 125
82 113
15 110
56 106
45 83
36 29
82 113
66 110
56 106
82 113
56 106
36 29
88 125
82 113
56 106
36 29
88 125
82 113
56 106
81 75
36 29
60 13
82 113
15 110
56 106
36 29
60 13
82 113
56 106
36 29
82 113
56 106
36 29
82 113
56 106
36 29
82 113
56 106
36 29
82 113
56 106
81 75
36 29
88 125
82 113
122 73
56 106
81 75
36 29
88 125
82 113
65 22
101 107
122 73
56 106
36 29
82 113
20 5
65 22
15 110
56 106
88 125
82 113
23 26
65 22
15 110
56 106
36 29
82 113
23 26
65 22
56 106
36 29
82 113
56 106
36 29
82 113
65 22
15 110
122 73
56 106
36 29
82 113
65 22
122 73
56 106
45 83
36 29
82 113
40 69
15 110
56 106
45 83
36 29
82 113
15 110
56 106
82 113
56 106
45 83
36 29
82 113
56 106
88 125
82 113
56 106
88 125
82 113
101 107
56 106
45 83
82 113
56 106
82 113
56 106
82 113
56 106
36 29
82 113
65 22
56 106
36 29
88 125
82 113
56 106
88 125
82 113
56 106
45 83
82 113
65 22
56 106
45 83
91 96
82 113
65 22
56 106
36 29
88 125
82 113
56 106
82 113
56 106
91 96
88 125
82 113
101 107
56 106
82 113
23 26
101 107
56 106
91 96
82 113
1 71
101 107
56 106
88 125
82 113
101 107
56 106
91 96
82 113
94 54
56 106
82 113
101 107
56 106
82 113
56 106
82 113
101 107
56 106
45 83
82 113
56 106
45 83
82 113
56 106
88 125
82 113
56 106
88 125
82 113
23 26
56 106
36 29
88 125
82 113
56 106
45 83
91 96
82 113
56 106
15 62
82 113
40 69
56 106
91 96
82 113
40 69
56 106
15 62
82 113
40 69
56 106
36 29
15 62
82 113
40 69
101 107
122 73
56 106
45 83
15 62
82 113
40 69
122 73
56 106
82 113
40 69
20 5
101 107
56 106
36 29
82 113
40 69
65 22
122 73
56 106
36 29
82 113
40 69
65 22
122 73
56 106
82 113
40 69
65 22
101 107
122 73
56 106
82 113
40 69
101 107
56 106
82 113
40 69
101 107
56 106
82 113
40 69
65 22
101 107
56 106
82 113
40 69
65 22
56 106
82 113
40 69
65 22
56 106
82 113
40 69
36 37
65 22
85 22
37 29
101 107
56 106
82 113
40 69
36 37
65 22
37 29
101 107
56 106
88 125
82 113
40 69
53 14
36 37
37 29
101 107
56 106
81 75
88 125
82 113
40 69
53 14
36 37
65 22
37 29
101 107
122 73
56 106
81 75
88 125
82 113
40 69
53 14
36 37
65 22
37 29
101 107
56 106
81 75
88 125
82 113
40 69
36 37
37 29
101 107
104 108
56 106
82 113
40 69
36 37
30 83
37 29
56 106
82 113
40 69
36 37
30 83
37 29
30 45
56 106
82 113
40 69
36 37
37 29
30 45
101 107
30 4
56 106
36 29
82 113
40 69
20 5
30 83
37 29
30 45
101 107
56 106
82 113
40 69
20 5
36 37
37 29
30 45
56 106
81 75
82 113
40 69
20 5
36 37
37 29
30 45
56 106
81 75
82 113
40 69
36 37
37 29
56 106
81 75
82 113
40 69
36 37
37 29
104 108
30 4
56 106
81 75
45 83
82 113
40 69
36 37
37 29
101 107
56 106
81 75
82 113
40 69
20 5
23 26
36 37
37 29
56 106
82 113
40 69
23 26
36 37
37 29
101 107
56 106
81 75
82 113
40 69
36 37
37 29
101 107
56 106
81 75
88 125
82 113
40 69
23 26
36 37
30 83
37 29
101 107
30 4
56 106
81 75
36 29
82 113
40 69
36 37
37 29
30 45
56 106
81 75
36 29
82 113
40 69
20 5
36 37
88 104
37 29
101 107
56 106
81 75
36 29
88 125
82 113
40 69
23 26
36 37
37 29
101 107
56 106
81 75
36 29
82 113
40 69
36 37
37 29
56 106
36 29
82 113
40 69
36 37
37 29
101 107
56 106
81 75
36 29
82 113
40 69
36 37
37 29
56 106
81 75
36 29
82 113
40 69
20 5
36 37
37 29
104 108
56 106
36 29
82 113
40 69
36 37
37 29
101 107
56 106
36 29
82 113
40 69
36 37
37 29
30 45
101 107
56 106
36 29
82 113
40 69
36 37
37 29
30 45
56 106
36 29
82 113
40 69
36 37
37 29
56 106
36 29
82 113
40 69
70 3
37 29
56 106
36 29
82 113
40 69
70 3
37 29
56 106
36 29
82 113
40 69
70 3
37 29
56 106
36 29
82 113
40 69
70 3
37 29
30 45
56 106
81 75
36 29
82 113
40 69
65 22
70 3
37 29
101 107
56 106
81 75
91 96
36 29
82 113
40 69
70 3
37 29
56 106
60 54
36 29
82 113
40 69
37 29
101 107
56 106
91 96
60 54
36 29
82 113
40 69
37 29
101 107
30 4
56 106
91 96
36 29
82 113
40 69
20 5
65 22
37 29
101 107
122 73
56 106
36 29
82 113
37 29
101 107
56 106
36 29
82 113
40 69
37 29
56 106
36 29
82 113
40 69
37 29
101 107
56 106
36 29
82 113
40 69
37 29
101 107
56 106
36 29
88 125
82 113
40 69
37 29
101 107
56 106
36 29
82 113
40 69
37 29
101 107
56 106
36 29
88 125
82 113
40 69
23 26
37 29
101 107
56 106
36 29
82 113
40 69
23 26
88 104
37 29
101 107
56 106
36 29
82 113
40 69
37 29
101 107
56 106
36 29
82 113
40 69
1 71
88 104
37 29
56 106
36 29
82 113
40 69
53 14
88 104
37 29
56 106
36 29
88 125
82 113
40 69
37 29
56 106
36 29
82 113
40 69
88 104
37 29
66 110
56 106
36 29
82 113
40 69
20 5
36 37
88 104
37 29
66 110
56 106
36 29
88 125
82 113
40 69
23 26
36 37
65 22
37 29
66 110
56 106
36 29
82 113
40 69
23 26
36 37
65 22
37 29
66 110
56 106
36 29
82 113
40 69
23 26
36 37
37 29
66 110
56 106
36 29
82 113
40 69
36 37
88 104
37 29
66 110
56 106
36 29
88 125
82 113
40 69
36 37
37 29
66 110
56 106
36 29
82 113
40 69
36 37
65 22
37 29
66 110
56 106
81 75
36 29
82 113
40 69
36 37
65 22
37 29
66 110
56 106
36 29
82 113
40 69
36 37
65 22
88 104
37 29
66 110
56 106
45 83
36 29
82 113
40 69
36 37
65 22
88 104
37 29
66 110
56 106
36 29
82 113
40 69
36 37
70 3
88 104
37 29
66 110
30 45
56 106
36 29
82 113
40 69
36 37
70 3
88 104
37 29
66 110
56 106
36 29
82 113
40 69
36 37
70 3
88 104
37 29
66 110
30 45
56 106
45 83
36 29
82 113
40 69
36 37
37 29
66 110
30 45
56 106
45 83
36 29
82 113
40 69
36 37
88 104
37 29
66 110
30 45
56 106
36 29
88 125
82 113
40 69
36 37
88 104
37 29
66 110
56 106
36 29
88 125
82 113
40 69
36 37
88 104
37 29
66 110
56 106
81 75
36 29
88 125
82 113
40 69
36 37
37 29
66 110
56 106
81 75
45 83
36 29
82 113
40 69
20 5
36 37
37 29
66 110
56 106
81 75
45 83
36 29
82 113
53 14
20 5
36 37
88 104
37 29
66 110
56 106
81 75
36 29
82 113
40 69
23 26
36 37
88 104
37 29
66 110
30 45
56 106
36 29
60 13
82 113
40 69
53 14
23 26
36 37
42 22
37 29
66 110
56 106
36 29
82 113
40 69
36 37
60 14
88 104
37 29
66 110
20 13
56 106
36 29
13 65
82 113
40 69
36 37
37 29
66 110
60 20
56 106
36 29
82 113
40 69
8 20
36 37
88 104
37 29
66 110
60 20
56 106
81 75
36 29
88 125
82 113
40 69
8 20
14 41
23 26
36 37
88 104
37 29
66 110
56 106
36 29
88 125
82 113
40 69
26 27
36 37
23 27
37 29
66 110
56 106
120 108
36 29
88 125
15 62
82 113
40 69
20 5
23 27
67 108
103 106
66 110
120 108
36 29
88 125
15 62
82 113
40 69
67 108
60 74
66 110
27 62
81 75
36 29
115 61
82 113
40 69
26 15
67 108
3 79
103 48
66 110
81 75
88 125
27 67
63 108
82 113
40 69
23 120
60 61
104 63
67 108
81 23
66 110
88 125
103 49
27 67
82 113
40 69
23 120
27 37
19 20
60 61
67 108
104 29
3 79
62 108
67 62
66 110
56 104
45 83
106 50
63 108
82 113
40 69
33 78
37 108
75 110
60 61
56 88
106 15
3 79
67 62
56 23
66 110
45 83
15 50
88 125
103 49
106 50
63 108
82 113
49 104
37 108
75 110
60 61
106 15
33 17
28 56
67 62
81 26
37 63
88 125
115 61
25 27
106 50
63 108
82 113
33 78
37 108
60 61
106 15
1 71
79 107
66 110
101 107
94 2
37 63
75 66
106 50
63 108
82 113
33 78
23 120
37 108
67 37
75 110
67 108
93 94
79 107
66 110
81 26
67 63
30 4
37 63
88 125
75 66
106 62
25 27
106 50
63 108
82 113
37 108
67 37
75 110
106 15
67 108
28 104
79 107
94 107
66 110
81 26
23 49
37 63
107 2
24 27
103 49
75 66
106 50
63 108
82 113
79 2
11 107
37 108
67 37
13 4
106 15
57 4
24 62
90 95
67 108
51 11
79 107
94 107
66 110
58 50
24 50
13 57
90 55
107 2
103 49
106 62
82 13
25 27
106 50
63 108
82 113
11 107
37 108
67 37
30 11
40 57
60 61
42 22
106 15
28 104
82 51
66 110
81 26
24 50
106 24
15 50
90 20
25 27
106 50
104 37
63 108
79 2
81 19
11 13
23 120
26 19
67 37
75 110
48 58
30 11
40 57
106 15
25 58
54 44
106 66
81 26
24 50
104 67
106 24
15 50
90 20
25 27
106 50
104 37
24 15
63 108
79 2
30 13
11 13
28 49
67 37
16 55
30 11
40 57
62 8
57 4
25 58
111 40
54 44
8 42
16 30
79 107
1 42
1 8
106 66
44 107
81 26
24 50
45 68
16 31
104 67
15 50
90 20
25 27
106 50
24 15
63 108
82 40
79 2
26 19
28 49
94 54
60 61
57 4
25 58
28 67
51 45
55 11
106 66
24 50
16 31
11 40
45 57
15 50
25 27
24 15
63 108
54 78
79 2
23 120
44 99
28 49
94 54
26 37
54 45
28 67
55 11
106 66
81 26
24 50
15 50
90 20
63 108
79 2
30 13
23 120
26 19
44 99
45 4
58 27
26 37
54 57
75 37
55 11
106 66
81 26
24 50
15 50
90 20
24 15
63 108
79 2
82 111
75 67
23 120
26 19
44 99
67 37
109 44
94 44
81 40
54 45
75 37
55 11
106 66
81 26
24 50
17 78
26 40
106 110
15 50
24 15
63 108
24 75
82 111
23 120
26 19
67 37
58 27
54 4
109 44
94 44
111 44
81 40
25 58
75 40
55 11
106 66
81 26
16 31
95 3
75 19
26 40
88 125
25 27
24 15
63 108
24 75
30 13
26 19
67 37
48 58
67 110
58 27
54 4
19 40
30 11
94 44
81 40
11 45
94 109
11 124
54 11
106 66
81 26
24 50
95 3
26 40
88 125
68 4
24 15
63 108
82 111
67 37
67 110
58 27
36 108
24 23
63 64
81 40
25 58
75 40
94 109
54 11
106 66
81 26
36 64
26 40
20 13
64 108
11 68
90 20
88 125
25 27
24 15
63 108
82 111
26 19
67 37
90 13
11 80
58 27
19 40
36 108
24 23
63 64
81 40
25 58
67 108
75 40
48 25
54 57
36 63
66 110
23 40
36 64
67 64
26 40
64 108
107 2
106 33
81 75
90 20
88 125
115 61
25 27
63 108
82 111
11 4
26 19
37 108
67 37
58 27
23 26
19 40
36 108
24 23
57 4
25 58
106 45
54 57
94 111
36 63
36 67
66 110
23 40
26 40
64 108
81 75
75 6
15 50
90 20
88 125
25 27
26 19
67 37
58 27
23 26
19 40
32 42
67 108
94 109
94 111
24 64
36 67
3 11
75 33
37 6
23 40
67 63
95 11
26 40
64 108
50 51
81 75
33 6
75 6
106 110
15 50
90 20
88 125
81 6
63 108
26 19
81 33
95 107
58 27
19 40
24 66
23 37
32 42
67 108
48 25
94 109
54 107
75 37
75 33
66 110
23 40
67 63
26 40
50 51
81 75
15 50
88 125
85 42
37 33
63 108
81 33
58 27
23 26
11 12
30 31
67 108
54 57
75 37
75 33
66 110
44 4
107 4
11 78
67 63
26 40
81 75
15 50
25 27
37 33
63 108
26 19
81 33
58 27
23 26
104 63
67 108
15 51
94 109
75 37
111 11
75 33
66 110
67 63
26 40
20 13
50 51
81 75
75 6
15 50
94 99
85 42
37 33
63 108
11 4
26 19
58 27
3 78
23 26
104 63
15 51
94 109
75 37
3 11
66 110
104 108
67 63
26 40
104 67
81 75
75 6
15 50
90 20
88 125
81 6
94 99
37 33
11 4
26 19
20 5
106 54
23 26
104 63
67 108
15 51
94 109
3 11
23 40
104 108
67 63
16 31
26 40
104 67
50 51
33 6
75 6
15 50
81 6
23 19
37 33
63 108
79 2
26 19
106 54
23 26
26 37
23 37
25 58
104 63
67 108
20 22
15 51
94 109
3 11
37 6
104 108
67 63
16 31
26 40
104 67
50 51
33 6
75 6
15 50
81 6
94 99
23 19
37 33
63 108
26 19
106 54
58 27
23 26
25 58
104 63
67 108
20 22
33 83
15 51
111 11
36 63
36 67
3 11
75 33
66 110
104 108
67 63
16 31
26 40
104 67
50 51
33 6
15 50
88 125
25 27
94 99
23 19
85 42
63 108
26 19
88 54
106 54
75 83
23 26
36 108
54 45
25 58
104 63
90 95
20 22
15 51
94 109
36 63
36 104
3 11
75 33
66 110
104 108
26 40
88 6
50 51
15 50
88 125
11 69
25 27
94 99
23 19
69 6
63 108
26 19
81 33
106 54
58 27
23 26
36 108
51 44
25 58
20 22
15 51
94 111
15 44
3 11
75 33
66 110
111 99
50 51
106 68
15 50
88 125
50 44
94 99
23 19
69 6
26 19
106 54
58 27
23 26
25 58
104 63
15 51
3 11
15 9
66 110
104 108
111 99
50 51
82 69
81 75
69 6
3 6
63 108
26 19
81 33
11 6
106 54
58 27
23 26
25 58
104 63
20 22
15 51
3 11
66 110
104 108
111 99
26 40
51 9
50 51
106 110
25 27
94 99
63 108
26 19
81 33
37 108
11 6
54 110
48 58
106 54
58 27
23 26
51 44
99 69
25 58
104 63
15 51
9 44
15 44
15 9
66 110
104 108
111 99
111 69
37 63
51 9
50 51
81 75
50 9
15 50
94 99
63 108
26 19
37 108
11 6
54 110
106 54
58 27
23 26
77 13
1 101
104 63
55 44
20 22
15 51
75 40
111 11
15 44
75 33
15 9
106 66
104 108
77 69
26 40
37 63
50 51
15 50
51 55
50 44
104 37
63 108
37 108
11 6
106 54
58 27
23 26
77 13
25 58
104 63
20 22
15 51
75 40
56 110
106 66
23 40
104 108
77 69
26 40
37 63
50 51
81 75
63 108
13 6
37 108
11 6
58 27
23 26
67 4
65 22
104 63
20 22
15 51
91 65
106 66
26 40
37 63
50 51
88 125
27 110
1 44
63 108
37 108
11 6
23 26
67 4
95 69
3 69
15 51
95 79
106 66
85 13
77 69
37 63
80 47
50 51
62 51
15 50
88 125
27 110
63 108
95 77
50 62
37 108
16 44
11 6
58 27
23 26
28 104
3 69
106 66
37 63
80 47
81 75
67 57
15 62
27 110
63 108
26 19
50 62
37 108
16 44
11 6
23 26
60 91
77 47
5 6
11 59
67 108
20 22
3 69
106 66
95 47
67 63
95 11
37 63
81 75
15 62
27 110
77 11
27 67
63 108
43 80
95 77
50 62
37 108
67 37
23 26
95 69
67 108
20 22
3 69
14 42
3 11
11 2
106 66
67 63
95 11
85 73
37 63
81 75
15 50
88 125
15 62
27 110
11 69
25 27
63 108
37 108
37 108
20 5
67 37
13 115
23 26
14 115
95 69
67 108
14 6
3 69
85 61
106 66
67 63
95 11
37 63
81 75
25 110
15 50
88 125
15 62
27 110
11 69
63 108
26 19
50 62
37 108
67 37
13 115
23 26
67 108
3 69
85 61
88 104
106 66
62 16
81 26
67 63
85 73
37 63
60 13
15 50
88 125
15 62
27 110
11 69
23 19
63 108
63 108
13 6
53 14
26 19
50 62
37 108
67 37
23 26
104 125
15 16
67 108
15 43
50 16
106 66
62 16
81 26
67 63
26 104
26 75
81 75
60 13
15 50
88 125
15 62
62 43
27 110
11 69
63 108
81 104
67 37
106 75
15 43
26 110
50 16
36 104
66 110
16 43
62 16
67 63
106 104
26 66
15 50
88 125
62 43
11 69
63 108
75 104
63 110
108 110
106 75
95 69
23 76
24 58
16 51
26 110
50 16
3 11
66 110
62 16
15 50
62 43
63 108
77 3
88 104
36 104
37 29
67 63
77 69
56 106
36 29
25 27
8 84
58 27
95 16
23 26
63 125
88 104
66 110
67 63
77 69
56 106
36 29
95 16
23 26
88 104
37 29
66 110
16 69
95 16
23 26
95 69
88 104
66 110
16 69
88 125
95 16
23 26
95 69
28 104
88 104
66 110
16 69
16 80
77 11
95 69
88 104
66 110
16 80
88 125
77 11
77 3
95 16
23 26
95 69
66 110
77 59
16 80
23 26
95 69
88 104
66 110
16 80
28 100
88 125
11 59
95 69
66 110
67 63
28 100
8 84
23 26
88 104
66 110
77 69
11 79
28 100
8 84
23 26
88 104
66 110
77 69
11 79
28 100
8 84
95 80
95 16
23 26
66 110
16 69
28 100
88 125
63 108
8 84
23 26
11 59
88 104
66 110
16 69
17 78
28 100
88 125
8 84
23 26
88 104
66 110
16 69
77 69
28 100
88 125
11 69
59 69
85 42
63 108
23 120
8 84
26 120
66 110
67 63
28 100
11 69
59 69
85 42
23 120
8 84
16 77
66 110
77 59
28 100
59 69
8 84
23 26
16 77
16 3
66 110
77 59
28 100
88 125
11 69
23 26
56 106
88 125
11 69
59 69
77 3
23 26
56 106
28 100
88 125
59 69
23 120
8 84
23 26
67 63
56 106
28 100
85 42
8 84
23 26
56 106
28 100
88 125
11 69
23 120
23 26
56 106
28 100
88 125
23 120
23 26
88 104
24 76
16 31
56 106
28 100
11 69
23 120
20 5
8 84
95 16
88 104
24 76
16 118
16 32
16 31
28 100
20 5
16 3
88 104
24 76
16 118
67 63
56 106
28 100
88 125
16 59
11 69
8 84
3 69
88 104
56 106
28 100
88 125
11 69
59 69
20 5
8 84
3 69
16 3
3 59
16 69
67 63
56 106
28 100
16 59
59 69
8 84
77 3
3 69
3 59
16 69
56 106
16 11
28 100
16 59
59 69
77 3
3 69
3 59
16 69
56 106
16 11
28 100
16 59
59 69
3 59
3 11
16 69
56 106
16 11
28 100
16 59
3 69
16 3
3 59
16 69
16 11
28 100
88 125
16 59
77 11
59 69
20 5
3 69
16 3
3 59
16 69
77 69
16 11
28 100
16 59
59 69
20 5
8 84
16 3
16 69
56 106
28 100
16 59
59 69
20 5
8 84
16 3
16 69
77 69
56 106
28 100
59 69
16 77
16 3
56 106
28 100
77 3
16 3
3 11
56 106
28 100
8 84
77 3
16 77
16 3
3 11
56 106
28 100
59 69
8 84
77 3
16 3
56 106
28 100
95 77
20 5
8 84
77 3
16 3
28 100
20 5
95 16
16 3
28 100
95 77
77 3
16 3
88 104
28 100
8 84
77 3
23 26
16 77
16 3
88 104
28 100
95 77
8 84
77 3
23 26
16 3
81 75
28 100
8 84
23 26
16 3
67 76
95 3
81 75
28 100
8 84
95 16
23 26
16 3
81 75
28 100
20 5
8 84
95 16
16 3
3 11
16 11
28 100
95 16
23 26
16 3
3 11
16 11
28 100
8 84
16 3
3 11
16 11
28 100
8 84
16 3
28 100
16 3
3 11
28 100
90 77
95 16
16 3
28 100
90 77
95 16
16 3
28 100
95 16
81 75
16 11
28 100
81 75
16 11
28 100
90 77
8 84
16 3
3 11
16 11
28 100
8 84
95 16
16 3
77 59
28 100
16 3
81 75
28 100
8 84
16 3
3 11
28 100
8 84
16 3
81 75
28 100
8 84
16 3
81 75
16 11
28 100
8 84
16 77
16 3
3 11
81 75
16 11
28 100
16 3
3 11
28 100
8 84
16 3
3 11
81 75
16 11
28 100
16 3
3 11
77 59
16 11
28 100
20 5
16 3
3 11
88 64
77 59
95 11
81 75
16 11
28 100
16 3
77 59
81 75
28 100
88 125
16 3
81 75
28 100
16 3
28 100
88 125
16 3
77 59
28 100
16 3
16 11
28 100
122 73
28 100
85 42
77 59
122 73
28 100
88 125
85 42
77 59
122 73
28 100
77 59
122 73
28 100
122 73
28 100
8 84
122 73
28 100
23 26
122 73
28 100
88 125
8 84
122 73
28 100
8 84
122 73
28 100
8 84
77 59
122 73
28 100
8 84
16 3
122 73
28 100
8 84
77 59
28 100
20 5
77 59
81 75
28 100
8 84
77 59
28 100
8 84
77 59
81 75
28 100
8 84
28 100
28 100
88 125
8 84
77 59
28 100
88 125
41 5
8 84
3 11
77 59
28 100
88 125
55 69
8 84
28 100
28 100
55 69
28 100
85 42
81 75
28 100
11 69
85 42
77 59
81 75
28 100
85 42
53 14
28 100
53 14
28 100
53 14
77 59
28 100
85 42
53 14
28 100
85 42
53 14
8 84
28 100
85 42
8 84
98 108
28 100
20 5
8 84
77 59
25 29
77 69
28 100
3 69
25 29
28 100
28 100
28 100
28 100
28 100
20 5
28 100
20 5
8 84
28 100
88 125
20 5
28 100
20 5
28 100
28 100
8 84
28 100
28 100
23 26
28 100
28 100
8 84
28 100
8 84
28 100
88 125
8 84
81 75
28 100
88 125
41 5
102 41
77 3
28 100
8 84
104 108
28 100
23 26
28 100
53 14
28 100
53 14
8 84
28 100
8 84
23 26
28 100
41 5
8 84
28 100
41 5
20 5
104 108
28 100
20 5
28 100
16 77
28 100
8 84
88 76
28 100
20 5
8 84
88 76
28 100
20 5
8 84
77 3
28 100
20 5
28 100
20 5
8 84
66 110
28 100
8 84
104 108
28 100
20 5
8 84
28 100
11 69
8 84
28 100
8 84
23 26
23 66
81 75
28 100
20 5
8 84
23 26
23 66
81 75
28 100
20 5
23 26
28 100
20 5
81 75
28 100
85 42
8 84
88 76
81 75
28 100
41 5
88 76
104 108
28 100
41 5
8 84
23 26
88 76
81 75
28 100
41 5
8 84
81 75
28 100
8 84
98 108
81 75
9 19
28 100
8 84
98 108
81 75
9 19
28 100
20 5
8 84
81 75
28 100
8 84
81 75
28 100
8 84
81 75
28 100
20 5
81 75
28 100
20 5
8 84
81 75
28 100
20 5
8 84
81 75
28 100
20 5
23 26
28 100
23 26
88 76
81 75
28 100
8 84
104 108
81 75
28 100
8 84
81 75
28 100
41 5
23 26
81 75
28 100
41 5
81 75
28 100
41 5
102 41
20 5
28 100
81 75
28 100
102 41
81 75
28 100
53 14
28 100
41 5
23 26
28 100
41 5
81 75
28 100
41 5
8 84
81 75
28 100
8 84
23 26
88 76
81 75
28 100
20 5
23 26
81 75
28 100
23 26
88 76
16 77
16 3
28 100
85 42
20 5
28 100
85 42
20 5
23 26
88 76
28 100
20 5
88 76
81 75
28 100
85 42
81 75
28 100
41 5
20 5
81 75
28 100
23 26
88 76
81 75
28 100
41 5
102 41
20 5
23 26
28 100
41 5
23 26
28 100
41 5
102 41
20 5
23 26
88 76
81 75
28 100
41 5
88 76
28 100
88 104
28 100
8 84
28 100
28 100
88 104
28 100
28 100
41 5
20 5
28 100
41 5
20 5
28 100
41 5
20 5
88 104
122 73
28 100
85 42
41 5
28 100
85 42
23 26
88 104
28 100
88 125
41 5
23 26
88 104
28 100
88 125
85 42
8 84
23 26
28 100
8 84
28 100
88 125
8 84
23 26
28 100
88 125
85 42
20 5
8 84
88 104
28 100
88 125
85 42
8 84
88 104
81 75
28 100
88 125
85 42
88 104
28 100
85 42
88 104
28 100
85 42
28 100
85 42
28 100
85 42
8 84
28 100
8 84
28 100
28 100
41 5
20 5
8 84
28 100
88 125
41 5
8 84
28 100
41 5
91 96
28 100
88 125
28 100
102 41
28 100
28 100
28 100
28 100
28 100
28 100
28 100
28 100
25 27
41 5
28 100
41 5
8 84
28 100
28 100
86 65
88 125
28 100
88 125
41 5
28 100
88 125
28 100
88 125
91 96
28 100
88 125
65 72
91 96
28 100
88 125
65 72
91 96
28 100
91 96
28 100
20 5
91 96
28 100
88 125
20 5
91 96
28 100
20 5
28 100
88 125
20 5
8 84
28 100
88 125
20 5
8 84
28 100
88 125
20 5
81 75
28 100
88 125
20 5
28 100
88 125
20 5
28 100
20 5
28 100
20 5
28 100
88 125
9 19
28 100
81 75
9 19
28 100
20 5
9 19
28 100
88 125
102 41
20 5
81 75
91 96
28 100
88 125
41 5
20 5
81 75
28 100
88 125
103 49
81 75
28 100
88 125
81 75
28 100
88 125
103 49
20 5
81 75
28 100
88 125
81 75
28 100
20 5
28 100
103 49
28 100
91 96
28 100
81 75
91 96
28 100
103 49
41 5
81 75
28 100
103 49
28 100
103 49
28 100
103 49
28 100
103 49
28 100
103 49
28 100
88 125
103 49
28 100
103 49
20 5
28 100
28 100
103 49
28 100
88 125
20 5
28 100
88 125
28 100
103 49
28 100
103 49
28 100
88 125
103 49
28 100
88 125
20 5
16 69
81 75
28 100
88 125
53 14
16 69
28 100
88 125
103 49
53 14
28 100
88 125
103 49
16 69
28 100
88 125
103 49
20 5
16 69
28 100
88 125
103 49
20 5
16 69
28 100
88 125
103 49
20 5
16 69
28 100
88 125
103 49
20 5
28 100
88 125
103 49
20 5
28 100
88 125
103 49
20 5
28 100
88 125
103 49
28 100
88 125
103 49
28 100
88 125
103 49
20 5
28 100
103 49
20 5
28 100
53 14
20 5
28 100
88 125
53 14
20 5
28 100
88 125
20 5
28 100
88 125
20 5
28 100
103 49
41 5
20 5
16 55
28 100
88 125
41 5
20 5
65 72
28 100
103 49
25 27
20 5
28 100
88 125
20 5
3 11
28 100
88 125
20 5
28 100
20 5
28 100
41 5
20 5
8 84
28 100
41 5
20 5
73 74
28 100
88 125
41 5
73 74
28 100
41 5
20 5
28 100
20 5
3 69
28 100
88 125
28 100
88 125
53 14
28 100
88 125
41 5
28 100
41 5
20 5
28 100
41 5
20 5
28 100
20 5
60 5
28 100
28 100
88 125
28 100
88 125
20 5
65 72
64 125
28 100
88 125
20 5
88 64
64 125
28 100
88 125
20 5
65 72
64 125
28 100
88 125
20 5
65 72
64 125
81 75
28 100
88 125
81 75
28 100
88 125
65 72
81 75
28 100
88 125
53 14
28 100
88 125
53 14
20 5
64 125
28 100
88 125
64 125
28 100
60 38
65 72
64 125
28 100
41 5
20 5
64 125
28 100
41 5
53 14
20 5
64 125
28 100
20 5
85 13
64 125
28 100
16 59
41 5
102 41
20 5
85 13
28 100
16 59
41 5
102 41
20 5
64 125
28 100
41 5
102 41
20 5
64 125
28 100
41 5
20 5
28 100
20 5
85 13
64 125
28 100
28 100
41 5
20 5
85 13
28 100
41 5
28 100
41 5
53 14
28 100
41 5
53 14
20 5
85 13
28 100
103 49
41 5
53 14
20 5
85 13
28 100
41 5
20 5
85 13
64 125
28 100
103 49
41 5
85 13
28 100
103 49
85 13
28 100
103 49
16 59
88 104
85 13
28 100
16 59
41 5
65 72
85 13
28 100
16 59
41 5
65 72
85 13
28 100
103 49
16 59
85 13
28 100
103 49
16 59
65 72
85 13
28 100
103 49
16 59
65 72
85 13
28 100
88 125
103 49
16 59
65 72
85 13
28 100
103 49
16 59
20 5
52 13
85 13
28 100
16 59
41 5
85 13
28 100
88 125
103 49
16 59
16 69
85 13
28 100
88 125
103 49
85 13
28 100
88 125
102 41
85 13
28 100
88 125
16 59
102 41
28 100
102 41
28 100
102 41
16 55
85 13
28 100
102 41
85 13
28 100
102 41
85 13
28 100
88 125
103 49
102 41
85 13
28 100
103 49
102 41
85 13
28 100
88 125
103 49
28 100
88 125
85 13
28 100
88 125
85 13
28 100
88 125
103 49
65 72
85 13
28 100
88 125
103 49
85 13
28 100
88 125
103 49
102 41
85 13
28 100
88 125
103 49
102 41
85 13
28 100
88 125
103 49
102 41
65 72
67 63
85 13
28 100
88 125
15 62
103 49
102 41
67 108
28 104
65 72
67 63
85 13
64 108
28 100
88 125
102 41
67 108
28 104
65 72
67 63
67 64
85 13
64 108
28 100
75 66
102 41
100 104
28 98
67 108
28 104
103 25
65 72
85 13
28 100
100 104
28 98
8 84
67 108
28 104
88 64
36 64
11 69
20 41
23 120
50 64
63 64
67 108
75 58
36 64
64 125
24 27
15 66
115 61
59 69
85 42
58 64
60 22
60 91
63 64
58 36
67 108
88 64
36 64
15 66
88 125
59 69
85 42
81 67
23 120
81 108
60 91
63 64
104 64
67 108
88 104
24 88
26 104
67 64
8 13
64 125
64 108
15 66
85 42
81 67
13 6
28 36
103 122
104 125
23 22
62 8
26 108
67 108
69 4
64 8
66 110
81 26
104 108
26 75
104 67
103 49
8 22
88 8
24 108
67 108
69 4
75 6
103 49
8 22
37 108
69 4
41 65
75 6
103 49
8 22
14 41
13 69
41 65
75 6
29 13
104 63
69 4
41 65
27 29
8 22
104 63
67 108
69 4
11 59
104 63
81 13
65 42
103 48
65 61
81 6
103 49
81 13
81 75
81 6
81 13
65 69
81 75
19 69
110 6
41 65
81 75
67 108
108 69
67 69
67 108
108 69
67 69
67 108
69 4
108 69
67 69
67 108
69 4
75 69
108 69
67 108
67 108
67 108
67 108
67 108
100 36
67 108
29 108
23 51
67 108
29 108
67 29
23 51
67 108
29 108
29 108
67 29
16 3
67 29
28 36
16 3
62 51
28 100
28 36
16 3
62 51
28 100
16 3
62 51
67 108
16 3
62 51
28 100
16 3
29 108
25 27
16 3
25 27
16 3
62 51
25 27
16 3
23 51
62 51
67 108
23 51
62 51
25 27
67 108
29 108
62 51
36 27
23 51
67 29
23 51
67 108
23 51
23 51
25 27
23 51
23 51
25 27
23 120
29 108
25 27
120 51
25 51
55 3
29 108
25 27
55 3
23 25
29 108
25 27
23 120
25 120
67 108
23 25
29 108
23 120
29 108
67 29
23 120
23 120
67 108
16 51
23 25
29 108
27 51
16 51
29 108
23 120
75 51
51 11
23 25
23 51
23 120
41 65
25 27
25 27
67 108
16 51
25 27
16 51
25 27
41 65
25 27
41 65
25 27
41 65
75 11
10 65
25 27
28 100
25 27
25 27
67 108
14 41
14 41
41 65
14 41
16 51
14 41
16 51
14 41