37 69
33 69
37 69
27 69
69 4
11 4
106 45
69 4
45 68
11 69
37 33
106 45
11 69
11 4
106 45
69 6
37 69
57 69
45 69
106 45
11 45
20 13
37 69
106 11
57 69
45 69
11 45
11 57
106 69
45 57
20 13
44 80
11 69
37 69
44 47
106 11
57 69
45 69
106 45
11 45
11 57
106 69
45 57
11 69
106 11
45 69
106 45
11 45
106 69
11 69
24 69
106 11
106 45
106 24
24 69
106 45
45 57
27 69
26 69
106 24
37 68
45 57
106 68
11 6
68 57
106 45
45 68
106 68
106 57
11 6
106 45
45 68
45 57
106 57
70 80
33 69
45 68
37 69
24 69
106 45
33 69
13 5
44 80
106 57
37 69
20 5
13 5
37 33
37 69
11 6
20 13
66 68
37 69
20 5
37 69
20 5
33 69
13 5
23 69
37 69
20 5
24 69
20 13
23 69
37 69
24 69
14 38
106 45
60 5
60 20
20 13
37 69
80 5
24 69
24 37
45 33
60 5
60 20
60 114
60 13
23 69
37 69
80 5
24 69
24 37
60 114
30 4
37 63
28 100
18 80
37 69
24 69
24 37
11 44
23 37
30 4
37 63
18 80
37 69
34 61
24 69
24 37
11 44
23 37
63 69
60 20
30 4
28 100
60 80
34 46
39 47
18 80
37 69
106 12
24 69
24 37
3 44
41 10
60 20
30 4
60 80
23 69
37 69
24 69
3 44
1 71
106 66
60 20
106 69
30 4
106 24
81 69
60 80
34 6
82 94
11 44
3 44
1 71
1 11
1 3
106 66
30 4
71 44
93 62
45 12
71 11
11 44
3 44
30 4
93 62
11 44
33 17
1 3
106 66
8 13
30 4
106 62
1 12
16 44
12 57
45 59
11 44
46 39
16 3
106 66
30 4
59 69
12 57
82 94
52 13
11 44
46 39
16 3
106 66
30 4
59 69
16 44
11 44
46 39
16 3
33 69
19 10
32 11
9 19
8 116
59 69
30 12
20 5
16 44
82 94
52 13
46 39
85 22
82 109
44 4
19 10
9 19
8 116
82 99
1 44
20 5
83 57
46 39
85 22
19 10
16 11
9 19
8 116
33 59
12 57
24 110
46 39
85 22
16 11
9 19
8 116
1 44
41 5
16 33
46 39
16 78
85 22
93 54
16 11
9 19
8 116
82 99
41 5
20 5
109 44
46 39
85 22
116 72
16 11
9 19
60 13
8 116
82 99
93 57
41 5
20 5
1 109
46 39
54 57
85 22
45 68
9 19
60 13
86 65
8 116
20 5
46 39
54 57
85 22
65 72
45 68
1 32
9 19
8 116
1 113
53 14
20 5
11 12
43 44
46 39
85 22
19 10
9 19
8 116
111 68
3 12
53 14
20 5
46 39
14 121
19 10
1 32
9 19
80 83
8 116
111 68
53 14
20 5
87 45
46 39
45 83
8 116
82 113
53 14
3 107
46 39
60 114
86 65
8 116
82 113
20 5
51 11
46 39
121 5
8 116
20 5
109 44
46 39
8 116
94 43
53 14
20 5
46 39
1 71
8 116
53 14
20 5
46 39
1 71
60 114
8 116
53 14
20 5
46 39
8 116
53 14
46 39
8 116
53 14
34 114
46 39
40 83
8 116
53 14
46 39
40 83
8 116
46 39
8 116
46 39
40 83
8 116
46 39
8 116
46 39
8 116
46 39
8 116
65 22
46 39
60 114
8 116
46 39
8 116
46 39
40 83
8 116
46 39
40 83
8 116
46 39
8 116
46 39
40 83
85 22
8 116
46 39
40 83
85 52
8 116
85 42
46 39
40 83
8 116
85 42
46 39
40 83
8 116
85 42
53 14
46 39
8 116
85 42
46 39
8 116
85 42
46 39
8 116
85 42
46 39
8 116
85 42
46 39
8 116
85 42
46 39
8 116
85 42
46 39
8 116
46 39
8 116
46 39
8 116
85 42
46 39
8 116
85 42
46 39
60 114
8 116
85 42
46 39
8 116
85 42
111 68
46 39
3 79
60 114
8 116
85 42
46 39
3 79
8 116
46 39
60 114
8 116
85 42
12 57
46 39
8 116
85 42
12 57
46 39
8 116
85 42
12 57
46 39
8 116
85 42
12 57
46 39
8 116
85 42
12 57
46 39
8 116
85 42
46 39
8 116
85 42
111 68
46 39
8 116
85 42
12 57
46 39
8 116
85 42
46 39
122 73
8 116
85 42
52 18
46 39
8 116
85 42
52 18
3 107
46 39
60 114
86 65
8 116
85 42
3 107
46 39
60 114
8 116
85 42
52 18
46 39
60 114
8 116
85 42
52 18
46 39
8 116
85 42
52 18
46 39
8 116
85 42
40 69
52 18
46 39
8 116
85 42
40 69
3 107
46 39
60 114
8 116
85 42
40 69
52 18
3 107
46 39
8 116
85 42
40 69
3 107
46 39
8 116
85 42
40 69
52 18
3 107
46 39
60 114
8 116
85 42
40 69
12 57
3 107
46 39
60 114
8 116
85 42
3 107
46 39
60 114
8 116
85 42
52 18
101 70
46 39
60 114
8 116
85 42
52 18
65 22
46 39
60 114
8 116
85 42
46 39
8 116
52 18
101 70
65 22
46 39
60 114
8 116
85 42
52 18
46 39
122 73
8 116
85 42
52 18
46 39
101 107
8 116
85 42
52 18
46 39
8 116
85 42
52 18
46 39
8 116
85 42
52 18
46 39
8 116
85 42
52 18
46 39
8 116
85 42
44 99
12 57
46 39
8 116
85 42
52 18
46 39
60 114
8 116
85 42
52 18
46 39
60 114
8 116
85 42
52 18
46 39
60 114
8 116
85 42
46 39
3 79
8 116
52 18
46 39
3 79
8 116
85 42
52 18
46 39
3 79
86 65
8 116
85 42
52 18
46 39
8 116
85 42
52 18
46 39
8 116
85 42
52 18
46 39
14 121
8 116
85 42
52 18
53 14
46 39
122 73
8 116
85 42
53 14
46 39
122 73
8 116
85 42
52 18
46 39
122 73
8 116
85 42
52 18
46 39
122 73
60 114
8 116
85 42
52 18
46 39
122 73
8 116
85 42
12 57
46 39
60 114
8 116
85 42
46 39
8 116
85 42
46 39
8 116
85 42
94 43
46 39
60 114
8 116
85 42
46 39
8 116
85 42
46 39
38 42
8 116
85 42
46 39
38 42
8 116
85 42
46 39
8 116
85 42
94 43
46 39
8 116
85 42
94 43
14 73
46 39
60 114
8 116
85 42
94 43
46 39
60 114
8 116
85 42
12 57
46 39
8 116
85 42
12 57
46 39
60 114
8 116
85 42
46 39
60 114
8 116
85 42
46 39
8 116
85 42
46 39
8 116
85 42
12 57
46 39
8 116
85 42
46 39
8 116
85 42
46 39
8 116
85 42
46 39
8 116
85 42
46 39
8 116
85 42
52 18
46 39
85 42
52 18
46 39
85 42
52 18
53 14
46 39
85 42
52 18
53 14
46 39
85 42
52 18
46 39
85 42
52 18
46 39
38 42
85 42
52 18
46 39
122 73
38 42
85 42
52 18
46 39
85 42
52 18
46 39
85 42
52 18
53 14
46 39
86 65
85 42
52 18
46 39
1 71
86 65
85 42
53 14
46 39
1 71
122 73
86 65
85 42
52 18
53 14
46 39
122 73
86 65
85 42
52 18
46 39
86 65
85 42
52 18
53 14
46 39
86 65
85 42
52 18
53 14
46 39
86 65
85 42
52 18
53 14
46 39
86 65
85 42
52 18
46 39
86 65
85 42
52 18
46 39
86 65
85 42
52 18
46 39
86 65
85 42
52 18
46 39
86 65
85 42
52 18
46 39
122 73
86 65
85 42
52 18
46 39
86 65
85 42
52 18
46 39
86 65
85 42
52 18
90 95
46 39
86 65
85 42
90 95
46 39
86 65
85 42
52 18
46 39
122 73
86 65
85 42
52 18
57 4
46 39
86 65
85 42
52 18
57 4
46 39
86 65
85 42
52 18
46 39
86 65
85 42
52 18
46 39
86 65
85 42
52 18
46 39
86 65
85 42
52 18
46 39
86 65
85 42
52 18
46 39
85 42
52 18
46 39
85 42
52 18
46 39
85 42
52 18
46 39
85 42
52 18
46 39
85 42
52 18
46 39
85 42
52 18
46 39
85 42
52 18
46 39
85 42
52 18
46 39
85 42
52 18
46 39
85 42
52 18
46 39
85 42
52 18
46 39
85 42
52 18
46 39
85 42
52 18
46 39
32 113
85 42
52 18
46 39
60 114
85 42
52 18
51 11
46 39
85 42
52 18
51 11
46 39
85 42
52 18
73 74
51 11
46 39
85 42
52 18
73 74
51 11
46 39
30 4
85 42
52 18
51 11
46 39
60 114
30 4
38 42
85 42
52 18
51 11
46 39
85 42
52 18
46 39
85 42
52 18
46 39
85 42
52 18
46 39
85 42
52 18
46 39
85 42
52 18
46 39
85 42
52 18
53 14
46 39
85 42
52 18
46 39
85 42
52 18
46 39
38 42
85 42
52 18
46 39
85 42
52 18
46 39
85 42
52 18
46 39
38 42
85 42
52 18
46 39
38 42
85 42
52 18
46 39
38 42
85 42
52 18
46 39
38 42
85 42
52 18
46 39
38 42
85 42
52 18
46 39
85 42
52 18
73 74
46 39
85 42
52 18
73 74
46 39
38 42
85 42
52 18
46 39
38 42
85 42
52 18
73 74
46 39
88 125
85 42
52 18
53 14
73 74
46 39
85 42
52 18
73 74
46 39
85 42
52 18
73 74
46 39
85 42
52 18
73 74
30 83
46 39
85 42
52 18
73 74
46 39
85 42
52 18
73 74
46 39
85 42
52 18
73 74
46 39
85 42
52 18
53 14
46 39
85 42
52 18
53 14
30 83
46 39
85 42
52 18
53 14
30 83
46 39
85 42
52 18
46 39
1 71
85 42
52 18
34 114
46 39
85 42
52 18
46 39
85 42
52 18
46 39
30 45
85 42
52 18
56 88
46 39
30 45
88 125
85 42
52 18
100 62
56 88
46 39
30 45
88 125
85 42
28 36
52 18
46 39
75 100
30 45
28 100
85 42
52 18
81 100
28 75
28 81
58 37
46 39
75 100
28 100
85 42
52 18
81 100
67 108
58 37
46 39
56 125
28 100
85 42
52 18
81 100
90 95
46 39
36 67
85 42
52 18
46 39
85 42
52 18
46 39
81 26
15 50
85 42
52 18
53 14
46 39
38 42
28 100
85 42
52 18
34 74
58 37
46 39
28 100
85 42
52 18
53 14
103 58
58 37
46 39
81 27
28 108
100 108
85 42
81 67
52 18
34 74
36 108
104 63
46 39
85 42
52 18
28 27
34 74
24 110
46 39
85 42
52 18
34 74
65 22
46 39
86 65
85 42
52 18
34 74
46 39
60 114
86 65
85 42
52 18
46 39
85 42
52 18
34 74
46 39
85 42
52 18
46 39
85 42
52 18
53 14
46 39
85 42
52 18
46 39
85 42
52 18
46 39
85 42
52 18
46 39
85 42
52 18
46 39
85 42
52 18
46 39
85 42
52 18
46 39
85 42
52 18
90 95
46 39
85 42
52 18
90 95
46 39
85 42
52 18
46 39
85 42
52 18
46 39
85 42
90 95
46 39
85 42
46 39
1 71
85 42
46 39
85 42
46 39
85 42
52 18
90 95
46 39
85 42
90 95
46 39
85 42
46 39
32 113
85 42
46 39
81 26
85 42
90 95
46 39
85 42
52 18
90 95
46 39
103 49
85 42
90 77
46 39
85 42
101 70
46 39
85 42
46 39
103 49
85 42
46 39
85 42
46 39
85 42
46 39
85 42
46 39
85 42
101 70
46 39
81 26
85 42
46 39
81 26
85 42
101 70
46 39
85 42
52 18
46 39
85 42
46 39
45 83
91 96
8 116
85 42
46 39
91 96
8 116
85 42
46 39
45 83
91 96
8 116
85 42
46 39
45 83
85 42
101 70
34 114
46 39
45 83
91 96
85 42
101 70
34 114
46 39
85 42
34 114
46 39
85 42
53 14
34 114
46 39
85 42
53 14
101 70
34 114
46 39
60 114
85 42
101 70
34 114
46 39
85 42
101 70
34 114
46 39
32 113
85 42
34 114
46 39
3 79
65 72
85 42
101 70
34 114
46 39
65 72
32 113
85 42
34 114
51 11
46 39
65 72
32 113
85 42
34 114
51 11
46 39
65 72
32 113
85 42
34 114
46 39
65 72
85 42
36 37
34 114
46 39
3 79
65 72
32 113
85 42
52 18
34 114
46 39
3 79
65 72
85 42
34 114
46 39
85 42
34 114
46 39
85 42
34 114
46 39
85 42
34 114
51 11
46 39
45 83
85 42
101 70
34 114
46 39
32 113
85 42
101 70
34 114
46 39
32 113
85 42
34 114
46 39
85 42
34 114
51 11
46 39
85 42
34 114
51 11
46 39
85 42
34 114
51 11
46 39
85 42
34 114
51 11
46 39
85 42
34 114
51 11
46 39
19 10
85 42
34 114
51 11
46 39
85 42
90 77
34 114
46 39
65 72
85 42
90 77
34 114
46 39
32 113
85 42
34 114
51 11
46 39
85 42
34 114
46 39
32 113
85 42
101 70
34 114
51 11
46 39
32 113
85 42
14 73
34 114
51 11
46 39
32 113
85 42
101 70
14 73
34 114
46 39
85 42
101 70
34 114
46 39
85 42
34 114
46 39
85 42
34 114
46 39
85 42
34 114
46 39
85 42
101 70
34 114
46 39
32 113
85 42
101 70
34 114
46 39
32 113
85 42
34 114
46 39
1 71
85 42
24 75
101 70
34 114
46 39
85 42
101 70
34 114
46 39
1 71
85 42
34 114
46 39
1 71
85 42
101 70
34 114
46 39
85 42
53 14
101 70
34 114
46 39
65 72
19 10
45 83
85 42
101 70
34 114
46 39
65 72
85 42
101 70
34 114
46 39
65 72
85 42
34 114
46 39
65 72
30 45
19 10
85 42
34 114
46 39
3 79
65 72
60 114
91 96
85 42
101 70
34 114
46 39
3 79
65 72
85 42
34 114
46 39
65 72
19 10
85 42
101 70
34 114
51 11
46 39
3 79
65 72
85 42
101 70
34 114
46 39
65 72
45 83
9 19
85 42
101 70
34 114
46 39
3 79
65 72
9 19
85 42
101 70
34 114
46 39
65 72
45 83
9 19
85 42
53 14
101 70
34 114
46 39
122 73
45 83
9 19
85 42
34 114
46 39
3 79
65 72
9 19
85 42
101 70
34 114
46 39
3 79
122 73
9 19
85 42
101 70
34 114
46 39
3 79
65 72
122 73
19 10
9 19
85 42
101 70
34 114
46 39
3 79
65 72
122 73
9 19
85 42
90 77
101 70
9 10
34 114
46 39
65 72
85 42
9 10
34 114
46 39
65 72
85 42
90 77
101 70
34 114
46 39
3 79
32 113
85 42
90 77
34 114
46 39
65 72
85 42
34 114
46 39
3 79
85 42
101 70
34 114
46 39
85 42
34 114
46 39
65 72
85 42
101 70
34 114
46 39
65 72
85 42
24 26
34 114
46 39
65 72
85 42
44 99
34 114
46 39
65 72
32 113
85 42
101 70
34 114
46 39
65 72
45 83
85 42
34 114
46 39
65 72
45 83
9 19
85 42
101 70
34 114
46 39
65 72
85 42
34 114
46 39
65 72
85 42
101 70
34 114
46 39
65 72
81 26
85 42
34 114
46 39
85 42
101 70
34 114
46 39
19 10
9 19
85 42
34 114
46 39
9 19
85 42
34 114
46 39
19 10
85 42
34 114
46 39
65 72
19 10
85 42
101 70
34 114
46 39
65 72
19 10
9 19
85 42
101 70
34 114
46 39
19 10
9 19
85 42
34 114
46 39
9 19
85 42
34 114
46 39
9 19
85 42
34 114
46 39
19 10
9 19
85 42
34 114
46 39
19 10
9 19
85 42
34 114
46 39
19 10
85 42
34 114
46 39
19 10
85 42
34 114
46 39
85 42
34 114
46 39
85 42
34 114
46 39
32 113
85 42
34 114
46 39
3 79
32 113
9 19
85 42
53 14
101 70
34 114
46 39
3 79
9 19
85 42
53 14
34 114
46 39
3 79
9 19
85 42
53 14
34 114
46 39
122 74
60 74
85 42
34 114
46 39
3 79
60 74
85 42
116 114
84 6
46 39
3 79
8 114
32 113
8 116
85 42
116 114
46 39
3 79
8 114
9 13
34 114
51 11
46 39
94 78
45 83
32 113
9 121
9 13
101 70
51 11
46 39
9 74
60 14
94 78
32 113
109 78
14 114
1 109
94 44
46 39
30 118
9 74
60 121
13 74
109 43
14 121
41 5
11 33
106 108
85 114
43 78
109 78
109 44
46 39
30 118
60 5
60 74
14 121
1 44
63 108
90 77
53 20
20 115
9 14
68 33
51 11
46 39
60 14
1 32
60 9
1 95
90 77
95 2
121 74
32 33
41 39
57 69
54 69
94 45
32 20
51 11
60 14
54 57
37 63
1 33
14 39
60 13
60 9
77 45
54 30
9 121
90 77
12 78
57 69
94 45
32 20
51 11
51 80
36 63
14 121
126 94
37 63
14 39
90 20
9 121
37 108
12 78
33 20
57 69
94 59
51 80
60 14
60 121
41 115
44 78
14 121
126 94
37 63
90 20
12 78
9 43
67 37
56 88
81 58
51 11
43 20
60 121
67 63
16 31
14 121
126 94
83 69
12 83
54 59
90 20
88 125
12 78
11 80
121 74
94 59
51 11
54 12
60 21
45 68
60 114
14 121
126 94
88 125
121 74
16 2
94 59
56 88
85 20
51 11
56 125
81 26
67 63
14 121
126 94
80 83
88 125
67 37
101 57
16 2
11 59
56 88
11 57
81 26
94 78
14 121
37 63
45 83
80 83
90 20
88 125
77 11
109 40
51 77
67 37
51 59
55 77
56 88
51 11
55 11
54 17
94 78
67 63
14 121
16 11
14 74
90 20
88 125
77 11
52 22
67 37
101 52
55 77
51 11
55 11
36 67
56 125
59 57
67 63
14 121
54 77
14 74
77 113
52 22
16 71
109 78
16 45
56 88
51 11
55 11
81 27
54 20
56 125
106 66
81 26
67 63
14 121
90 20
88 125
52 54
52 22
109 78
81 25
20 57
54 57
90 57
55 11
54 20
56 125
106 66
14 121
90 20
20 41
66 43
52 57
95 80
20 57
56 88
51 78
54 57
55 11
56 125
93 2
81 26
14 121
106 43
88 125
20 41
109 40
66 43
81 25
95 80
60 91
71 57
56 88
51 78
55 11
56 125
93 2
66 110
106 66
14 121
114 21
106 43
88 125
59 17
20 41
43 110
66 43
95 80
51 78
24 58
55 11
56 125
66 110
81 26
14 121
93 77
88 125
43 110
109 78
66 43
52 121
81 25
82 77
71 57
66 67
90 51
81 26
45 68
14 121
1 32
88 125
66 43
52 121
90 11
90 40
55 11
81 27
82 109
32 45
81 26
11 78
14 121
95 11
121 20
88 125
60 52
52 74
60 115
20 74
1 45
121 74
60 91
81 27
11 78
51 3
1 32
121 20
91 96
88 125
96 20
80 78
60 115
61 22
82 59
121 74
12 2
55 121
90 31
24 43
60 121
52 115
14 121
11 40
91 20
91 96
51 107
96 20
66 43
71 11
82 59
24 66
24 43
3 44
60 121
90 59
44 12
66 110
80 12
55 74
14 121
91 20
121 20
91 96
11 68
88 125
14 20
96 20
55 91
60 115
3 12
66 43
60 11
82 59
24 66
11 74
24 110
24 43
90 59
66 110
60 20
55 74
14 121
1 32
121 20
88 125
14 20
91 41
96 20
101 32
55 91
43 110
66 43
19 84
82 59
24 66
54 45
24 110
67 108
24 43
106 45
60 121
67 29
66 110
60 20
14 121
1 32
121 20
14 20
43 110
66 43
58 98
41 22
121 115
24 66
20 115
90 109
60 20
14 121
121 20
88 125
14 20
52 22
58 98
41 22
121 20
88 125
14 20
82 90
58 98
41 22
106 54
82 94
20 22
90 94
115 22
66 110
14 121
121 20
88 125
82 90
66 16
66 43
58 98
60 22
115 22
84 22
83 78
14 121
51 107
82 90
58 98
12 78
55 20
26 6
24 26
3 44
84 22
11 40
88 125
52 20
11 33
58 98
52 14
103 122
82 71
94 51
26 6
52 41
3 44
109 71
55 43
83 78
44 83
11 40
88 125
81 6
82 90
11 33
58 98
52 14
19 11
14 41
40 33
20 22
90 109
43 12
55 43
11 40
1 32
14 20
20 41
11 33
58 98
41 22
14 41
19 33
12 57
54 45
20 22
24 26
3 44
90 109
82 109
71 44
20 41
58 98
52 14
14 41
54 45
56 88
20 22
3 44
43 11
90 109
11 40
15 66
88 125
58 98
52 14
41 22
11 6
19 33
106 54
11 59
54 45
56 88
40 33
59 6
43 59
20 22
52 41
43 11
90 109
82 109
85 80
51 3
15 66
88 125
82 90
58 98
33 59
52 14
41 22
19 11
14 41
11 6
106 54
31 78
12 31
43 6
11 59
54 45
20 22
43 11
90 109
14 22
82 109
43 33
1 32
28 100
88 125
82 90
58 98
52 14
12 78
41 22
14 41
11 6
31 78
35 22
12 31
52 13
11 59
59 6
11 40
12 4
28 100
88 125
14 20
82 90
58 98
52 14
14 41
11 6
11 59
59 6
46 39
117 22
9 59
11 40
28 100
14 20
58 98
52 14
14 41
11 6
31 78
12 31
5 6
54 45
56 88
109 71
9 22
56 125
85 13
11 5
11 40
28 100
88 125
52 9
59 5
58 98
20 5
9 13
11 6
12 31
52 13
56 88
53 5
71 33
56 125
82 109
85 13
11 40
32 57
1 32
60 13
88 125
60 52
59 5
58 98
20 5
56 88
1 101
60 85
53 5
11 40
1 32
59 5
58 98
55 65
11 6
95 78
31 78
1 80
56 88
95 59
1 101
60 85
32 59
109 68
85 47
59 65
95 3
11 40
1 32
43 10
103 88
19 11
59 31
53 20
31 78
58 27
103 122
1 59
56 88
90 59
77 59
81 26
26 75
12 83
11 40
1 32
88 125
14 41
12 31
19 20
54 55
52 13
54 45
56 88
1 101
8 6
53 5
90 59
106 66
11 78
88 125
95 31
52 14
103 58
95 78
31 78
14 13
55 45
11 12
52 13
54 45
56 88
54 40
56 125
6 74
106 66
75 16
28 100
77 11
81 16
24 16
20 5
52 14
1 45
43 72
30 57
103 58
95 80
11 31
58 27
14 13
52 13
11 59
56 88
8 6
95 12
109 68
56 125
6 74
106 66
80 12
80 31
1 32
32 80
32 31
41 5
53 41
58 98
95 107
20 5
52 14
90 77
43 72
59 31
103 58
12 57
109 44
14 13
77 80
52 13
56 88
24 26
54 40
65 72
95 32
83 78
24 27
1 77
88 125
32 31
54 78
41 5
20 65
20 5
40 78
45 78
5 72
12 107
59 31
103 58
109 44
14 13
55 45
32 33
52 53
52 13
1 101
43 40
24 26
54 40
9 74
41 10
65 72
106 66
83 78
1 32
95 57
32 11
71 77
8 116
59 17
43 78
58 98
52 14
90 77
40 78
94 11
71 32
90 71
109 44
14 13
44 33
52 13
56 88
94 95
43 40
81 24
28 104
95 12
54 40
56 125
94 77
106 66
1 32
82 11
90 107
8 116
55 12
94 43
90 12
53 14
58 98
20 5
52 14
94 55
100 104
103 58
95 78
90 71
14 13
54 55
1 101
28 104
95 54
43 12
94 78
54 43
95 71
101 32
63 108
40 45
52 14
103 58
93 78
44 57
14 13
1 101
43 44
95 12
60 65
54 2
43 12
8 116
52 14
60 22
14 13
60 72
52 13
1 101
60 65
65 72
1 32
20 5
52 14
90 77
12 57
14 13
32 113
86 65
8 116
52 20
20 5
52 14
90 77
12 57
13 47
51 11
8 116
20 41
20 5
52 14
51 11
101 54
8 116
14 20
52 20
60 52
20 41
20 5
34 114
111 59
52 13
34 114
60 13
111 59
109 44
34 114
51 11
14 121
34 114
51 11
45 83
34 114
51 11
45 83
90 77
90 3
34 114
51 11
45 83
34 114
34 114
8 116
34 114
34 114
34 114
101 107
91 96
34 114
101 107
91 96
16 55
34 114
101 107
28 98
34 114
101 107
28 98
34 114
34 114
101 107
32 113
28 98
34 114
101 107
90 77
28 98
34 114
101 107
32 113
91 96
85 42
90 77
34 114
60 121
85 42
28 98
34 114
45 83
9 19
34 114
60 13
111 59
34 114
51 11
111 59
19 10
34 114
34 114
16 55
34 114
28 98
28 98
16 55
85 42
28 98
85 42
16 55
28 98
28 98
16 55
101 107
28 98
101 107
19 10
46 116
101 107
19 10
34 114
101 107
46 116
28 98
34 114
101 107
101 107
28 98
51 11
101 107
34 114
51 11
28 98
28 98
34 114
28 98
34 114
101 107
53 14
34 114
101 107
14 121
101 107
14 121
28 98
34 114
101 107
28 98
51 11
101 107
101 107
101 107
28 98
101 107
53 14
101 107
16 55
101 107
101 107
51 11
101 107
53 14
101 107
101 107
34 114
101 107
28 98
94 54
101 107
101 107
101 107
85 42
28 98
85 42
51 11
51 11
51 11
46 116
51 11
46 116
94 54
51 11
94 54
57 4
94 54
94 54
51 11
8 116
46 116
94 54
51 11
8 116
46 116
28 98
94 54
51 11
51 11
28 98
90 3
34 114
90 3
51 11
111 69
90 3
101 107
85 42
51 11
85 42
51 11
101 107
46 116
51 11
8 116
46 116
51 11
28 98
90 3
51 11
101 107
46 116
28 98
51 11
101 107
46 116
28 98
101 107
46 116
28 98
101 107
28 98
19 10
85 42
51 11
101 107
14 121
51 11
19 10
51 11
19 10
28 98
51 11
19 10
28 98
101 107
19 10
28 98
101 107
28 98
101 107
28 98
101 107
101 107
28 98
101 107
28 98
101 107
8 116
28 98
51 11
101 107
38 42
28 98
51 11
101 107
38 42
19 10
111 59
101 107
38 42
19 10
101 107
38 42
19 10
51 11
101 107
38 42
51 11
101 107
51 11
101 107
46 116
51 11
101 107
28 98
101 107
91 96
101 107
101 107
28 98
53 14
28 98
45 83
53 14
51 11
28 98
51 11
9 19
28 98
53 14
51 11
9 19
28 98
19 10
9 19
85 42
53 14
19 10
53 14
28 98
19 10
28 98
51 11
28 98
51 11
53 14
28 98
51 11
101 107
28 98
51 11
9 19
28 98
9 19
53 14
19 10
53 14
101 107
9 19
53 14
101 107
9 19
53 14
111 59
9 19
53 14
111 59
9 19
53 14
111 59
101 107
9 19
53 14
111 59
101 107
9 19
53 14
111 59
34 114
101 107
9 19
8 116
53 14
28 98
101 107
8 116
53 14
14 73
101 107
53 14
14 73
51 11
19 10
8 116
53 73
53 14
12 57
14 73
51 11
8 116
53 14
14 73
51 11
19 10
9 19
8 116
53 73
53 14
14 73
19 10
9 19
8 116
53 73
14 73
9 19
8 116
90 77
19 10
9 19
8 116
53 14
51 11
19 10
45 83
9 19
8 116
90 77
19 10
9 19
8 116
90 77
57 4
51 11
101 107
9 19
90 77
51 11
9 19
8 116
51 11
101 107
32 113
9 19
8 116
46 116
90 77
101 107
9 19
8 116
101 107
46 116
101 107
101 107
8 116
46 116
34 114
34 114
53 14
53 14
53 14
122 73
32 113
53 14
14 73
34 114
51 11
91 96
53 73
53 14
90 77
28 98
14 73
34 114
51 11
91 96
91 96
101 107
91 96
101 107
91 96
28 98
101 107
91 96
28 98
101 107
91 96
101 107
101 107
28 98
101 107
28 98
12 57
101 107
28 98
12 57
101 107
28 98
101 107
12 57
34 114
101 107
60 114
90 79
85 42
90 77
85 42
90 77
85 42
90 77
60 114
46 8
53 14
101 107
8 116
9 10
101 107
8 116
53 14
101 107
8 116
53 14
8 116
28 98
42 22
8 116
28 98
8 116
24 75
85 22
101 107
8 116
53 14
51 11
101 107
8 116
51 11
101 107
8 116
51 11
101 107
60 13
8 116
90 3
101 107
60 13
8 116
51 11
101 107
8 116
90 77
51 11
101 107
8 116
90 77
51 11
101 107
8 116
90 77
51 11
101 107
8 116
53 14
90 77
60 13
8 116
53 14
111 59
90 77
101 107
46 8
53 14
90 77
57 4
46 8
8 116
90 77
57 4
8 116
90 77
101 107
19 10
90 77
101 107
19 10
28 98
101 107
101 107
101 107
90 77
101 107
90 77
101 107
90 77
101 107
9 19
53 14
90 77
101 107
53 14
90 77
101 107
90 77
28 98
101 107
90 77
51 11
9 19
51 11
90 77
90 77
60 114
90 77
28 98
90 77
101 107
90 77
101 107
90 77
28 98
101 107
60 13
101 107
46 8
90 77
101 107
46 8
101 107
101 107
101 107
85 22
101 107
85 22
101 107
101 107
32 113
90 77
101 107
46 8
51 11
101 107
9 19
90 77
57 4
34 114
51 11
101 107
46 8
9 19
34 114
51 11
101 107
46 8
34 114
101 107
28 98
34 114
101 107
53 14
21 6
28 98
34 114
60 13
53 14
21 6
28 98
101 107
21 6
101 107
28 98
51 11
101 107
60 114
90 77
51 11
101 107
34 114
9 19
60 13
90 77
101 107
9 19
90 77
12 57
101 107
90 77
90 79
51 11
101 107
19 10
51 11
101 107
101 107
46 8
101 107
19 10
46 8
101 107
46 8
53 14
101 107
85 42
90 77
101 107
90 77
53 14
90 77
90 77
9 19
28 100
90 77
20 5
90 77
90 77
46 8
53 14
16 55
111 69
53 14
20 5
101 107
20 5
101 107
85 42
20 5
90 77
101 107
90 77
101 107
101 107
60 114
101 107
60 114
53 14
101 107
122 73
60 114
53 14
101 107
122 73
60 114
53 14
90 77
101 107
122 73
60 114
53 14
90 77
90 79
101 107
101 107
101 107
60 13
53 14
90 77
101 107
60 13
53 14
90 77
101 107
53 14
90 77
101 107
53 14
90 77
34 114
101 107
19 10
28 100
53 14
90 77
34 114
53 14
34 114
90 77
34 114
90 77
34 114
19 10
90 77
34 114
15 110
101 107
19 10
90 77
34 114
101 107
19 10
53 14
90 77
34 114
34 114
34 114
34 114
90 77
73 74
34 114
90 77
73 74
34 114
90 77
73 74
34 114
101 107
90 77
73 74
34 114
101 107
90 77
34 114
101 107
90 77
57 4
34 114
90 77
34 114
81 26
34 114
101 107
90 77
34 114
34 114
34 114
90 77
101 107
60 114
60 114
90 77
60 114
73 74
53 14
90 77
90 77
53 14
90 77
101 107
90 77
32 113
90 77
32 113
101 107
32 113
51 11
101 107
60 114
32 113
90 77
51 11
60 114
32 113
53 14
51 11
101 107
60 114
32 113
53 14
90 77
101 107
32 113
53 14
90 77
51 11
101 107
32 113
90 77
51 11
32 113
90 77
51 11
32 113
53 14
90 77
73 74
51 11
32 113
53 14
90 77
32 113
85 42
53 14
90 77
51 11
122 73
85 42
53 14
51 11
101 107
122 73
32 113
85 42
53 14
51 11
101 107
85 42
53 14
51 11
101 107
53 14
90 77
51 11
53 14
101 107
32 113
53 14
51 11
32 113
51 11
32 113
90 77
32 113
90 77
51 11
32 113
90 77
101 107
90 77
51 11
32 113
101 107
32 113
90 77
101 107
32 113
90 77
101 107
32 113
90 77
32 113
60 13
90 77
51 11
32 113
60 13
90 77
32 113
85 42
90 77
101 107
32 113
90 77
32 113
85 42
51 11
60 114
32 113
60 114
32 113
60 114
32 113
32 113
53 14
101 107
32 113
51 11
45 83
32 113
73 74
45 83
32 113
101 107
32 113
101 107
32 113
90 77
32 113
60 13
51 11
101 107
32 113
60 13
53 14
101 107
90 77
32 113
60 13
90 77
73 74
32 113
85 42
90 77
101 107
32 113
60 13
85 42
53 14
90 77
32 113
85 42
90 77
51 11
60 114
32 113
60 13
85 42
90 77
32 113
60 13
85 42
90 77
73 74
51 11
60 114
19 10
32 113
90 77
51 11
19 10
45 83
32 113
51 11
32 113
60 13
8 116
85 42
60 5
101 107
32 113
60 13
8 116
85 42
20 5
32 113
8 116
60 91
65 72
32 113
86 61
60 91
8 115
32 113
85 42
90 77
117 65
20 115
85 65
32 113
85 42
117 65
20 115
32 113
14 65
32 113
32 113
90 77
32 113
90 77
32 113
56 88
32 113
56 63
101 107
32 113
101 107
32 113
57 4
45 83
32 113
90 77
32 113
90 77
45 83
32 113
90 77
51 11
101 107
32 113
90 77
12 57
51 11
101 107
32 113
90 77
51 11
32 113
90 77
101 107
32 113
90 77
51 11
45 83
32 113
90 77
57 4
101 107
45 83
32 113
90 77
51 11
32 113
90 77
51 11
90 77
45 83
32 113
90 77
90 77
51 11
32 113
90 77
101 107
32 113
90 77
32 113
90 77
51 11
32 113
28 100
90 77
75 49
32 113
28 100
90 77
75 49
101 107
32 113
28 100
90 77
75 49
101 107
32 113
90 77
26 75
32 113
28 100
90 77
32 113
28 100
90 77
28 63
101 107
26 75
32 113
28 63
32 113
28 100
26 27
75 27
28 63
101 107
32 113
28 100
75 27
28 63
51 11
101 107
32 113
26 27
75 49
28 104
28 63
51 11
26 75
32 113
90 77
26 27
28 63
26 75
32 113
26 27
75 27
28 104
28 63
26 75
45 83
32 113
28 100
26 27
75 27
28 63
101 107
26 75
32 113
28 100
100 63
26 27
75 27
104 63
28 63
26 75
32 113
28 100
100 63
26 27
75 27
49 27
32 113
90 77
26 27
75 27
75 49
49 27
51 11
32 113
75 27
49 27
51 11
32 113
26 49
90 77
75 49
26 75
32 113
90 77
32 113
51 11
32 113
26 49
90 77
51 11
101 107
32 113
90 77
51 11
32 113
90 77
32 113
90 77
101 107
26 75
32 113
90 77
101 107
32 113
90 77
26 27
101 107
26 75
32 113
26 49
90 77
26 27
101 107
32 113
90 77
75 27
26 75
45 83
32 113
45 83
32 113
26 49
26 27
45 83
32 113
26 49
90 77
26 27
45 83
32 113
90 77
90 77
90 77
101 107
32 113
101 107
32 113
90 77
101 107
32 113
90 77
101 107
32 113
90 77
32 113
56 88
32 113
90 77
90 77
32 113
101 107
45 83
32 113
32 113
90 77
101 107
32 113
90 77
32 113
90 77
101 107
32 113
90 77
101 107
32 113
90 77
32 113
90 77
32 113
103 49
90 77
32 113
32 113
90 77
32 113
90 77
32 113
32 113
90 77
56 88
51 45
32 113
51 45
56 66
32 113
32 113
32 113
15 66
56 88
61 6
24 6
32 113
66 6
24 15
24 66
61 6
24 6
101 107
32 113
66 6
15 66
24 66
61 6
101 107
32 113
15 66
24 66
61 6
101 107
32 113
66 6
15 66
24 15
24 66
61 6
40 83
101 107
32 113
66 6
24 66
57 4
51 11
24 6
101 107
32 113
66 6
15 66
109 44
24 66
51 11
24 6
24 61
32 113
66 6
15 66
109 44
56 88
24 88
24 6
101 107
32 113
66 6
15 66
90 77
12 57
109 44
90 95
30 4
32 113
66 6
40 69
12 57
68 78
24 6
30 4
33 78
24 6
56 66
101 3
101 107
3 43
95 101
56 88
24 6
56 66
109 57
45 4
54 45
56 66
15 66
24 6
56 66
45 107
15 66
59 69
31 69
80 17
51 78
66 6
51 107
66 9
71 78
15 9
51 107
24 15
40 33
68 33
71 107
24 15
40 31
16 71
40 83
24 15
24 15
24 66
24 15
24 15
15 6
24 6
24 6
16 73
15 66
66 110
46 84
67 108
67 108
29 47
29 47
67 47
67 47
39 74
39 74
15 66
67 108
43 110
75 44
40 83
44 107
40 107
66 43
107 78
67 108
44 107
75 43
40 107
77 78
77 107
67 108
40 83
75 43
107 17
75 43
51 80
51 40
51 43
40 107
107 78
40 83
51 43
60 53
51 43
40 107
91 86
116 5
52 116
52 5
66 51
52 116
52 5
107 78
75 40
107 17
3 80
15 66
43 78
107 78
67 108
75 40
20 5
107 78
40 83
40 12
73 78
16 111
77 80
34 39
34 116
34 20
77 80
17 78
52 20
40 107
77 80
40 83
40 107
12 78
77 80
3 80
40 107
46 47
15 51
5 47
3 80
66 51
14 20
15 51
5 47
67 108
82 12
15 51
52 47
40 31
20 5
95 44
15 51
3 80
40 107
40 107
15 51
51 111
40 12
3 80
12 107
15 51
12 78
12 107
15 51
3 80
15 51
96 114
60 20
3 80
51 43
15 51
96 114
60 20
3 80
66 43
15 51
15 51
15 51
36 63
15 111
51 109
66 43
15 51
51 43
15 51
51 43
15 51
51 43
12 107
34 53
51 43
66 43
46 39
51 43
71 44
51 110
66 51
51 43
71 44
109 111
71 44
109 111
51 43
109 6
66 43
60 39
40 12
109 111
66 110
66 51
51 43
39 5
15 51
40 83
66 110
66 51
12 107
15 43
15 51
40 83
60 72
60 5
16 40
60 72
43 40
60 5
70 107
16 40
12 107
43 40
15 51
60 5
16 43
3 80
103 49
16 40
15 51
40 12
109 111
82 43
15 51
40 83
40 12
109 111
103 49
16 107
40 12
109 111
103 49
77 80
15 51
40 12
66 110
109 111
3 80
15 51
40 83
40 12
109 111
12 107
77 3
60 91
15 51
40 12
109 111
12 107
60 91
17 2
12 107
60 91
15 51
60 10
109 111
3 80
12 107
15 51
109 111
3 80
66 43
60 91
15 43
15 51
109 111
3 80
51 43
60 91
15 43
15 51
109 111
3 80
51 43
82 12
15 43
15 51
109 111
3 80
66 51
51 43
82 12
109 111
51 43
60 20
109 111
3 80
51 43
15 51
15 51
60 10
109 111
51 43
60 91
12 31
109 111
51 43
60 91
60 10
109 111
86 72
60 91
60 10
109 111
51 43
15 43
60 10
51 43
66 43
15 43
15 51
109 111
3 80
51 43
12 31
15 51
109 111
3 80
66 51
51 43
12 31
16 12
109 111
3 80
51 43
12 31
109 111
51 43
12 31
16 12
51 43
109 111
3 80
51 43
40 83
109 111
17 2
15 43
15 51
109 111
51 43
53 121
60 91
66 110
109 111
51 43
83 17
53 121
15 43
15 51
109 111
51 43
53 121
15 43
109 111
66 51
51 43
66 43
15 43
15 51
109 111
51 43
66 43
15 43
15 51
51 43
15 43
51 43
51 43
51 110
15 43
109 111
66 51
51 43
66 43
15 43
109 111
51 43
66 43
15 43
51 43
51 43
82 109
82 111
15 51
16 12
82 111
109 111
82 111
82 99
91 65
16 31
82 99
83 2
86 65
86 65
16 107
16 107
86 65
40 107
53 121
53 121
53 121
53 121
53 121
20 5
20 5
20 5
20 5
20 5
20 5
20 5
20 5
20 5
9 115
20 5
65 72
65 72
65 72
46 39
46 39
20 5
46 39
46 39
20 5
46 39
46 39
65 72
46 39
65 72
46 39
46 39
46 39
46 39
60 91
46 39
60 20
46 39
46 39
91 73
46 39
60 91
60 73
65 72
65 72
65 72
65 72
46 39
46 39
115 72
115 72
65 72
53 121
65 72