26 66
26 66
24 25
100 37
37 57
26 57
26 66
100 66
66 57
37 57
100 66
66 37
66 57
24 47
24 25
100 66
66 37
24 25
66 33
26 66
100 66
66 33
100 66
24 25
100 66
24 25
25 57
24 57
100 66
24 25
25 57
24 25
66 33
100 33
66 37
37 33
100 33
100 66
37 33
100 33
100 66
37 33
100 37
66 33
100 33
100 66
66 37
37 33
66 37
100 66
66 37
44 47
26 66
100 66
66 37
100 37
26 66
100 66
66 37
26 37
100 37
35 47
100 66
66 37
100 37
106 45
94 30
100 66
66 37
106 45
106 66
100 66
66 37
21 84
57 4
66 45
106 66
106 100
100 66
66 37
106 45
66 33
106 37
100 45
106 66
113 119
106 100
100 66
106 45
66 45
94 109
41 10
100 45
26 33
106 100
28 100
100 66
37 33
26 37
13 47
106 45
86 89
90 44
94 109
41 10
100 45
106 66
28 45
106 100
28 100
100 66
37 33
13 47
106 45
86 89
90 44
66 33
41 10
100 45
106 66
28 45
26 33
106 100
28 100
80 13
100 66
26 37
66 33
66 45
94 109
30 44
28 66
41 10
106 66
26 33
106 100
28 100
100 66
23 69
90 77
23 59
94 44
28 33
66 33
66 45
94 109
28 66
41 10
100 45
106 66
40 13
70 105
26 33
28 100
100 66
90 77
24 12
24 13
23 59
94 44
57 4
28 104
66 45
94 109
41 10
100 45
56 66
106 66
24 40
40 13
56 106
106 100
28 106
28 100
100 66
12 13
100 104
24 13
21 84
57 4
109 3
41 10
40 12
56 66
106 66
40 13
56 106
59 69
121 114
104 66
93 62
66 37
12 13
24 12
56 45
24 13
23 59
94 44
26 37
68 33
28 104
28 66
41 13
56 106
1 32
13 5
13 10
100 33
93 62
66 37
37 33
104 45
24 12
23 59
57 4
28 104
115 42
66 33
94 109
28 66
41 13
56 106
104 33
1 32
106 33
106 104
28 100
104 66
93 62
100 66
81 33
100 104
13 38
40 57
54 45
28 104
66 33
94 109
28 66
106 66
54 33
56 54
56 106
106 33
106 104
28 100
46 41
104 66
100 66
81 33
100 104
106 54
81 24
28 104
28 66
56 66
106 66
96 86
56 106
28 100
60 13
26 66
40 4
104 66
100 66
81 56
81 104
46 38
100 104
13 38
81 66
81 106
81 24
28 104
94 109
28 66
103 48
106 66
96 86
56 106
91 96
28 100
40 4
23 104
104 66
46 13
100 104
13 38
95 16
24 26
28 104
32 44
28 66
16 32
106 66
56 106
23 66
91 96
28 100
40 4
59 69
104 66
1 44
23 62
54 45
68 33
24 26
28 104
28 66
56 66
106 66
81 26
16 69
56 106
84 47
91 96
32 80
28 100
40 4
104 66
90 77
16 44
100 104
34 5
18 13
28 104
28 66
41 10
56 66
33 69
81 26
30 33
16 69
56 106
23 66
84 47
91 96
28 100
40 4
59 69
100 104
18 13
28 104
26 25
94 109
23 58
28 56
28 66
41 10
30 69
56 66
106 66
81 26
38 42
56 106
91 96
28 106
60 13
104 66
68 57
57 69
28 104
13 73
23 58
28 56
28 66
116 72
56 66
106 66
81 26
56 106
56 104
91 96
28 100
8 47
60 13
86 65
60 73
8 116
104 66
1 44
11 33
72 47
81 25
116 47
24 23
8 72
68 57
42 22
28 81
28 104
94 109
16 78
41 10
65 72
56 66
106 66
81 26
56 106
28 100
60 13
59 69
104 66
90 77
95 16
28 104
94 109
41 10
56 66
106 66
96 86
37 63
56 106
91 96
28 100
86 65
40 45
33 59
45 4
26 27
68 57
42 22
93 59
23 27
28 104
94 109
85 22
41 10
56 110
56 66
106 66
96 86
56 106
28 100
86 65
43 78
73 47
40 45
49 37
109 99
103 108
33 57
28 104
94 109
85 22
1 107
41 10
56 110
67 76
106 66
67 63
56 106
28 100
86 65
94 99
43 80
40 45
11 80
16 55
49 37
109 99
68 57
52 13
68 33
28 104
69 78
109 3
16 78
85 22
41 10
55 78
66 110
56 66
106 66
16 69
56 106
106 110
26 62
86 65
94 99
102 41
40 45
109 99
52 13
43 44
28 104
94 109
85 22
41 10
66 110
56 66
106 66
16 69
67 63
96 86
56 106
91 96
28 100
86 65
40 4
102 41
40 45
100 104
70 87
11 80
49 37
109 99
26 27
52 13
28 104
51 11
94 109
109 3
85 22
41 10
56 66
106 66
67 63
96 86
91 96
28 100
86 65
102 41
102 10
40 45
100 104
52 13
94 109
109 3
16 78
85 22
41 10
16 69
67 63
96 86
91 96
86 65
102 41
102 10
40 45
49 37
68 57
52 13
85 22
41 10
16 69
67 63
122 73
96 86
91 96
86 65
95 31
102 41
102 10
40 45
49 37
68 57
52 13
94 51
103 108
54 40
85 22
41 10
16 69
122 73
77 69
96 86
91 96
90 69
102 41
122 89
68 57
79 78
54 40
16 77
85 22
41 10
64 29
16 69
67 63
122 73
77 69
96 86
90 78
122 89
91 86
68 57
95 69
79 78
54 40
85 22
41 10
64 29
16 69
67 63
77 69
91 96
60 13
102 41
95 77
122 89
90 11
68 57
71 31
95 69
16 77
85 22
3 79
41 10
51 40
16 69
67 63
122 73
77 69
96 86
91 96
102 41
95 77
31 78
95 16
68 57
30 40
68 33
16 77
85 22
41 10
1 3
16 69
67 63
77 69
96 86
102 41
40 45
122 89
90 11
85 22
3 79
41 10
67 63
122 73
96 86
16 80
91 96
11 69
43 78
33 78
90 77
85 22
3 79
16 118
41 10
64 29
67 63
96 86
91 96
59 69
40 69
16 55
85 22
41 10
64 29
67 63
96 86
91 96
59 69
90 77
16 55
29 76
85 22
41 10
67 63
96 86
91 96
59 69
16 55
29 76
85 22
41 10
67 63
122 73
91 96
59 69
90 77
90 95
85 22
41 10
67 63
122 73
91 96
59 69
16 55
49 37
109 44
85 22
67 63
91 96
40 69
122 89
29 76
73 74
85 22
3 79
41 10
93 54
67 63
96 86
91 96
64 76
40 69
16 55
29 76
49 37
109 44
73 74
85 22
41 10
93 54
67 63
96 86
91 96
59 69
40 69
122 89
16 55
29 76
73 74
85 22
41 10
93 54
67 63
96 86
91 96
9 19
40 69
73 74
85 22
3 79
41 10
67 63
91 96
9 19
122 89
16 55
73 74
71 31
85 22
3 79
41 10
67 63
91 96
90 77
122 89
77 3
85 22
3 79
41 10
67 63
96 86
91 96
59 69
90 77
122 89
49 37
85 22
41 10
67 63
122 73
96 86
91 96
122 89
49 37
85 22
3 79
41 10
12 69
67 63
122 73
96 86
91 96
9 19
59 69
122 89
49 37
71 31
85 22
3 79
41 10
12 69
67 63
122 73
96 86
91 96
59 69
49 37
3 79
41 10
67 63
96 86
91 96
9 19
86 65
59 69
103 108
85 22
3 79
41 10
67 63
91 96
9 19
86 65
59 69
29 76
85 22
3 79
41 10
12 69
67 63
122 73
96 86
91 96
9 19
86 65
71 31
85 22
41 10
12 69
67 63
122 73
91 96
9 19
86 65
64 76
9 122
85 22
41 10
67 63
122 73
96 86
91 96
9 19
59 69
85 22
41 10
67 63
122 73
96 86
91 96
9 19
59 69
122 89
85 22
41 10
67 63
122 73
96 86
91 96
9 19
41 10
67 63
122 73
96 86
91 96
9 19
85 22
41 10
67 63
122 73
96 86
91 96
59 17
86 22
67 63
122 73
96 86
71 31
85 22
41 10
93 54
67 63
122 73
49 37
71 31
85 22
41 10
93 2
93 54
67 63
122 73
96 86
102 41
85 22
41 10
93 2
93 54
67 63
122 73
90 77
73 74
103 108
85 22
41 10
93 2
93 54
67 63
96 86
91 96
9 19
102 41
85 22
41 10
67 63
96 86
9 19
103 49
59 69
52 13
85 22
41 10
67 63
9 19
103 49
102 41
73 74
71 31
85 22
41 10
67 63
9 19
103 49
73 74
85 22
88 49
60 5
41 10
67 63
9 19
52 13
85 22
41 10
67 63
91 96
9 19
52 13
85 22
41 10
67 63
9 19
59 69
85 22
3 79
41 10
67 63
9 19
59 69
85 22
41 10
67 63
9 19
52 13
85 22
41 10
67 63
9 19
102 41
85 22
41 10
67 63
52 42
85 22
41 10
67 63
9 19
52 42
85 22
3 79
41 10
67 63
9 19
59 17
85 22
41 10
9 19
85 22
3 79
41 10
67 63
9 19
59 17
85 22
3 79
41 10
9 19
85 22
3 79
41 10
9 19
49 37
85 22
3 79
41 10
67 63
9 19
33 78
85 22
41 10
67 63
91 96
9 19
33 78
52 13
85 22
41 10
67 63
122 73
9 19
85 22
41 10
67 63
122 73
64 108
63 76
85 22
41 10
67 76
67 63
122 73
85 22
41 10
67 63
122 73
52 13
85 22
41 10
67 76
67 63
122 73
102 41
85 22
41 10
67 63
9 19
52 13
85 22
41 10
122 73
9 19
102 41
49 37
85 22
3 79
41 10
67 63
122 73
9 19
103 108
85 22
41 10
67 63
122 73
9 19
33 78
103 108
85 22
3 79
41 10
67 63
122 73
9 19
33 78
103 108
85 22
41 10
67 63
96 86
85 22
41 10
67 63
122 73
103 108
85 22
41 10
67 63
122 73
49 108
52 13
85 22
41 10
67 63
122 73
49 108
122 89
85 22
41 10
67 63
122 73
122 89
85 22
41 10
67 63
122 73
90 77
122 89
85 22
41 10
67 63
122 73
90 77
85 22
41 10
67 63
122 73
90 77
85 22
41 10
67 63
122 73
90 77
122 89
29 76
85 22
41 10
64 29
67 63
122 73
90 77
85 22
41 10
93 2
67 63
122 73
90 77
85 22
41 10
67 63
122 73
3 107
85 22
41 10
67 63
122 73
90 77
85 22
41 10
67 63
122 73
90 77
103 108
85 22
41 10
67 63
122 73
90 77
103 108
85 22
41 10
67 63
122 73
90 77
85 22
41 10
67 63
122 73
90 77
94 54
85 22
41 10
93 2
122 73
90 77
85 22
41 10
67 63
122 73
90 77
73 74
85 22
41 10
67 63
122 73
90 77
85 22
41 10
67 63
122 73
90 77
85 22
41 10
67 63
103 49
90 77
71 57
85 22
41 10
93 54
67 63
103 49
90 77
85 22
41 10
67 63
90 77
103 108
85 22
3 79
41 10
67 63
90 77
85 22
41 10
67 63
90 77
85 22
3 79
41 10
67 63
90 77
29 76
73 74
85 22
41 10
67 63
90 77
73 74
85 22
3 79
41 10
67 63
90 77
29 76
73 74
85 22
3 79
41 10
67 63
90 77
85 22
3 79
41 10
67 63
96 22
90 77
71 57
103 108
85 22
3 79
41 10
67 63
96 22
90 77
85 22
3 79
41 10
93 2
67 63
90 77
29 76
85 22
3 79
41 10
67 63
90 77
85 22
3 79
41 10
67 63
90 77
85 22
3 79
41 10
67 63
90 77
85 22
3 79
41 10
67 63
90 77
29 76
85 22
3 79
41 10
67 63
122 73
90 77
52 42
85 22
3 79
41 10
67 63
122 73
90 77
52 42
85 22
3 79
41 10
67 63
122 73
90 77
85 22
3 79
41 10
93 2
93 54
67 63
122 73
90 77
49 108
85 22
3 79
41 10
67 76
122 73
90 77
85 22
41 10
67 76
67 63
122 73
90 77
63 76
85 22
41 10
67 76
122 73
90 77
63 76
85 22
41 10
67 76
67 63
122 73
90 77
63 76
85 22
3 79
41 10
122 73
90 77
85 22
41 10
67 76
67 63
122 73
90 77
63 76
85 22
41 10
67 76
93 54
67 63
122 73
90 77
85 22
41 10
93 54
122 73
94 43
90 77
94 54
85 22
41 10
122 73
90 77
63 76
71 31
85 22
41 10
93 54
122 73
94 43
90 77
49 108
85 22
41 10
93 54
122 73
90 77
71 31
85 22
41 10
93 54
122 73
90 77
71 31
85 22
41 10
122 73
94 43
90 77
94 54
71 31
85 22
41 10
67 63
122 73
94 43
90 77
94 54
63 76
103 108
85 22
41 10
122 73
90 77
103 108
85 22
41 10
67 76
122 73
90 77
52 42
122 89
94 54
63 76
85 22
41 10
67 76
122 73
52 42
63 76
85 22
41 10
93 54
67 63
122 73
90 77
52 42
122 89
85 22
41 10
67 63
122 73
90 77
52 42
122 89
85 22
3 79
41 10
67 76
67 63
122 73
90 77
63 76
85 22
41 10
67 76
67 63
122 73
90 77
122 89
63 76
103 108
85 22
41 10
67 76
90 77
49 76
41 10
67 76
67 63
90 77
49 76
85 22
41 10
67 76
67 63
90 77
85 22
41 10
67 76
122 73
90 77
52 42
63 76
103 108
85 22
41 10
67 76
122 73
90 77
63 76
103 108
85 22
41 10
93 54
67 63
90 77
121 73
103 108
85 22
41 10
67 63
122 73
121 73
63 76
103 108
85 22
41 10
67 63
63 76
103 108
85 22
41 10
94 54
103 108
85 22
41 10
90 77
103 108
85 22
41 10
93 54
94 54
103 108
85 22
41 10
67 63
90 77
94 54
85 22
41 10
67 63
90 77
94 54
103 108
85 22
41 10
67 63
90 77
103 108
41 10
64 29
67 63
90 77
85 22
41 10
67 63
103 49
90 77
85 22
41 10
67 63
32 113
90 77
85 22
41 10
67 63
103 49
90 77
85 22
41 10
29 108
67 76
32 113
90 77
122 89
85 22
41 10
67 76
67 63
90 77
41 10
67 63
90 77
103 108
85 22
41 10
29 108
90 77
52 42
122 89
103 108
85 22
41 10
122 73
90 77
52 42
122 89
85 22
41 10
67 76
67 63
122 73
90 77
52 42
122 89
85 22
41 10
67 63
90 77
52 42
122 89
103 108
85 22
41 10
67 63
90 77
52 42
37 76
103 108
85 22
41 10
67 63
90 77
122 89
103 108
85 22
41 10
67 63
90 77
52 42
122 89
73 74
103 108
85 22
41 10
93 2
93 54
67 63
90 77
85 22
41 10
67 63
90 77
52 13
85 22
41 10
67 63
85 22
3 79
41 10
67 63
96 86
90 77
85 22
3 79
41 10
93 54
67 63
90 77
16 55
85 22
3 79
41 10
67 63
16 55
85 22
41 10
67 63
90 77
85 22
41 10
90 77
49 76
85 22
41 10
67 63
90 77
85 22
41 10
67 63
90 77
85 22
41 10
96 86
90 77
103 108
85 22
41 10
67 63
122 73
96 86
90 77
103 108
85 22
41 10
67 63
122 73
96 86
90 77
85 22
41 10
67 63
122 73
90 77
85 22
41 10
67 63
9 19
90 77
85 22
41 10
67 63
90 77
85 22
41 10
67 63
103 49
90 77
29 76
103 108
85 22
41 10
67 63
90 77
103 108
85 22
41 10
67 63
90 77
103 108
85 22
41 10
90 77
103 108
85 22
41 10
90 77
85 22
41 10
67 63
122 73
96 86
90 77
85 22
41 10
37 29
64 29
67 63
122 73
94 43
90 77
85 22
41 10
54 17
64 29
67 63
122 73
94 43
90 77
103 108
85 22
41 10
64 29
67 63
122 73
90 77
103 108
85 22
41 10
64 29
67 63
122 73
90 77
103 108
85 22
41 10
64 29
93 54
67 63
122 73
90 77
94 54
103 108
85 22
41 10
64 29
93 54
67 63
122 73
90 77
103 108
85 22
41 10
64 29
93 54
67 63
122 73
90 77
85 22
41 10
64 29
93 54
90 77
85 22
41 10
64 29
67 63
96 86
90 77
85 22
41 10
64 29
67 63
90 77
85 22
41 10
64 29
90 77
85 22
41 10
67 63
90 77
85 22
41 10
93 2
67 63
90 77
73 74
103 108
85 22
41 10
67 63
54 43
90 77
73 74
85 22
41 10
67 63
90 77
103 108
85 22
41 10
93 2
67 76
64 29
67 63
90 77
63 76
85 22
41 10
67 76
90 77
63 76
85 22
41 10
93 2
67 76
67 63
9 19
90 77
3 79
41 10
67 76
67 63
94 43
90 77
85 22
41 10
67 76
93 54
67 63
90 77
49 108
63 76
85 22
41 10
67 76
67 63
90 77
85 22
41 10
67 76
67 63
9 19
90 77
49 108
63 76
85 22
41 10
9 19
90 77
85 22
41 10
9 19
90 77
29 76
41 10
67 63
9 19
90 77
85 22
41 10
67 63
9 19
90 77
29 76
85 22
41 10
67 63
90 77
85 22
41 10
93 54
96 86
90 77
29 76
85 22
41 10
64 29
67 63
90 77
29 76
73 74
85 22
41 10
67 63
90 77
85 22
41 10
90 77
85 22
41 10
93 2
122 73
90 77
85 22
41 10
64 29
67 63
90 77
73 74
85 22
41 10
64 29
67 63
90 77
85 22
41 10
64 29
93 54
90 77
85 22
41 10
67 63
90 77
85 22
41 10
67 63
90 77
85 22
41 10
90 77
85 22
3 79
41 10
93 2
93 54
90 77
41 10
93 54
90 77
73 74
85 22
41 10
90 77
85 22
41 10
122 73
90 77
41 10
93 54
67 63
94 43
90 77
122 89
94 54
85 22
41 10
93 54
67 63
94 43
90 77
94 54
85 22
41 10
64 29
94 43
90 77
122 89
94 54
103 108
85 22
41 10
93 54
94 43
90 77
94 54
85 22
41 10
64 29
93 54
67 63
94 43
90 77
85 22
41 10
64 29
67 63
102 41
90 77
85 22
41 10
64 29
90 77
85 22
41 10
64 29
67 63
102 41
90 77
85 22
41 10
67 63
122 73
90 77
85 22
67 29
64 29
93 54
67 63
122 73
90 77
122 89
16 55
89 73
85 22
3 79
41 10
122 73
102 41
90 77
122 89
85 22
3 79
41 10
64 29
93 54
67 63
122 73
102 41
90 77
122 89
94 54
85 22
41 10
93 54
67 63
122 73
102 41
90 77
122 89
73 74
85 22
41 10
93 54
67 63
122 73
90 77
73 74
85 22
41 10
93 54
67 63
102 41
90 77
122 89
85 22
41 10
67 63
122 73
103 49
102 41
90 77
85 22
41 10
93 54
67 63
122 73
90 77
85 22
41 10
67 29
64 29
67 63
122 73
102 41
90 77
73 74
103 108
85 22
41 10
67 63
102 41
90 77
63 76
85 22
41 10
64 29
67 63
102 41
63 76
85 22
3 79
102 41
90 77
85 22
102 41
90 77
85 22
90 77
94 54
85 22
41 10
67 63
94 43
102 41
90 77
85 22
67 63
102 41
90 77
85 22
41 10
102 41
90 77
85 22
102 41
90 77
85 22
67 63
102 41
90 77
41 10
67 63
102 41
90 77
73 74
67 63
102 41
90 77
41 10
67 63
94 43
102 41
90 77
67 63
46 116
94 43
102 41
90 77
41 10
93 54
67 63
94 43
102 41
90 77
41 10
93 54
67 63
94 43
102 41
90 77
41 10
94 43
46 38
102 41
90 77
93 54
67 63
94 43
102 41
90 77
41 10
93 54
85 42
94 43
102 41
90 77
3 79
41 10
93 54
67 63
85 42
102 41
90 77
3 79
41 10
93 54
67 63
38 42
85 42
102 41
90 77
93 54
67 63
102 41
90 77
41 10
93 54
67 63
102 41
90 77
41 10
64 29
93 54
67 63
102 41
90 77
93 54
102 41
90 77
41 10
93 54
102 41
90 77
3 79
41 10
64 29
102 41
90 77
41 10
64 29
102 41
90 77
41 10
64 29
90 77
41 10
64 29
102 41
41 10
102 41
41 10
102 41
90 77
102 41
90 77
94 54
41 10
102 41
90 77
41 10
102 41
90 77
94 54
63 64
41 10
102 41
90 77
16 55
41 10
85 42
102 41
90 77
41 10
85 42
102 41
90 77
3 79
41 10
85 42
102 41
90 77
16 55
3 79
41 10
102 41
90 77
16 55
41 10
102 41
90 77
16 55
41 10
67 76
102 41
90 77
16 55
55 123
41 10
64 29
102 41
90 77
16 55
41 10
64 29
67 63
102 41
90 77
102 41
90 77
41 10
9 19
102 41
122 89
94 54
41 10
9 19
102 41
90 77
49 37
9 19
94 43
102 41
90 77
16 55
73 74
67 63
9 19
94 43
102 41
90 77
16 55
73 74
41 10
9 19
102 41
90 77
73 74
41 10
102 41
90 77
73 74
103 108
41 10
9 19
102 41
90 77
73 74
41 10
102 41
37 108
90 77
73 74
41 10
54 17
102 41
90 77
73 74
41 10
102 41
90 77
73 74
3 79
41 10
122 73
9 19
102 41
90 77
94 54
73 74
41 10
122 73
9 19
94 43
102 41
90 77
94 54
41 10
9 19
102 41
90 77
3 79
41 10
102 41
90 77
41 10
9 19
102 41
90 77
94 54
41 10
9 19
102 41
90 77
41 10
94 43
102 41
90 77
102 41
90 77
94 54
93 54
67 63
102 41
90 77
16 55
93 54
102 41
90 77
103 108
102 41
90 77
102 41
90 77
41 10
102 41
90 77
41 10
102 41
90 77
103 108
41 10
94 43
102 41
90 77
103 108
41 10
102 41
90 77
102 41
90 77
64 29
102 41
90 77
93 54
38 42
102 41
90 77
3 79
41 10
67 63
102 41
90 77
16 55
49 37
41 10
93 54
67 63
102 41
90 77
16 55
90 95
41 10
93 54
67 63
102 41
90 77
41 10
102 41
90 77
41 10
102 41
90 77
41 10
102 41
90 77
90 95
85 22
41 10
43 33
102 41
90 77
41 10
102 41
90 77
41 10
102 41
90 77
52 42
41 10
122 73
32 113
102 41
90 77
52 42
41 10
122 73
103 49
102 41
90 77
52 42
94 54
41 10
122 73
102 41
90 77
52 42
98 108
3 79
122 73
49 98
103 49
102 41
90 77
52 42
94 54
41 10
67 63
122 73
90 77
41 10
67 63
122 73
90 77
94 54
41 10
122 73
85 42
90 77
94 54
41 10
122 73
90 77
3 107
103 108
3 79
41 10
122 73
90 77
41 10
122 73
90 77
16 55
33 17
85 22
122 73
9 19
90 77
41 10
122 73
9 19
90 77
52 42
33 17
41 10
122 73
9 19
36 76
90 77
33 17
94 43
37 108
90 77
73 74
41 10
9 19
37 108
90 77
16 55
9 19
37 108
90 77
63 64
41 10
67 63
9 19
90 77
41 10
90 77
41 10
67 63
85 42
90 77
49 37
63 64
41 10
67 63
37 108
90 77
63 64
3 79
41 10
67 63
9 19
90 77
73 74
41 10
67 63
90 77
73 74
3 79
41 10
67 63
9 19
36 76
90 77
63 64
67 108
88 49
41 10
67 63
49 63
91 96
19 47
85 42
63 108
90 77
49 37
52 13
65 42
96 86
91 96
90 77
91 86
41 10
7 53
67 63
41 42
85 91
90 77
14 10
41 10
85 116
114 61
7 53
90 77
34 74
85 65
41 10
67 29
114 42
34 74
9 122
9 96
96 114
8 114
122 115
90 77
49 76
8 74
121 89
67 64
90 77
46 74
41 10
121 89
46 84
39 84
90 77
67 108
46 39
85 22
41 10
121 89
67 63
85 42
90 77
14 13
46 39
41 10
37 9
85 42
90 77
60 85
64 108
85 42
90 77
60 42
60 85
41 10
121 89
63 108
90 77
60 42
90 77
67 37
74 22
63 108
90 77
32 113
74 22
63 108
90 77
60 85
67 29
37 63
94 43
63 108
90 77
67 108
37 29
47 42
94 43
63 108
90 77
90 77
121 5
36 64
90 77
67 108
36 64
37 63
63 108
90 77
67 108
3 79
67 63
37 63
63 108
37 108
90 77
67 37
30 123
36 64
37 63
63 108
37 108
90 77
30 123
3 107
3 119
16 77
37 63
63 108
37 108
90 77
105 3
67 37
30 123
94 44
40 2
40 33
88 108
36 64
47 42
3 80
11 40
63 108
11 33
90 77
33 2
67 37
40 33
1 30
88 108
36 64
111 30
88 63
63 108
40 45
94 44
1 30
80 123
1 57
88 108
33 31
36 64
47 42
17 78
88 63
63 108
77 3
1 109
94 44
3 107
88 108
94 78
36 64
44 78
88 63
63 108
88 67
94 44
109 31
30 33
28 100
95 43
88 63
63 108
100 64
30 57
100 36
88 108
30 33
24 9
88 63
63 108
51 77
100 64
109 54
51 11
100 39
88 108
30 33
94 31
30 68
28 100
26 119
95 31
59 69
24 9
88 63
93 62
51 2
63 108
95 78
51 11
26 16
41 10
51 40
88 108
81 26
30 33
30 68
28 100
88 63
63 108
81 19
81 16
94 44
40 2
30 40
67 108
109 31
46 39
26 16
41 10
51 40
88 108
96 74
81 26
30 33
36 64
44 31
88 63
30 12
63 108
81 16
74 42
88 67
94 44
40 2
33 57
26 16
56 108
94 109
41 10
51 40
103 15
88 108
56 63
66 110
81 26
30 33
104 108
122 73
46 42
88 63
24 15
63 108
81 19
81 16
74 42
70 113
88 67
40 2
57 69
33 57
26 16
94 109
58 43
41 10
51 40
30 69
66 63
56 63
56 66
106 66
33 69
81 26
30 33
122 73
3 31
44 2
30 12
81 19
81 16
52 8
70 113
56 88
25 58
104 63
26 16
56 108
58 43
88 104
41 10
51 40
30 69
88 108
56 63
56 66
106 66
33 69
81 26
30 33
104 108
113 119
44 2
88 63
104 37
106 88
31 2
81 16
37 108
52 8
94 44
51 44
23 9
88 37
104 63
26 16
3 44
56 108
58 43
41 10
51 40
30 69
88 108
106 66
33 69
81 26
30 33
104 108
45 68
104 37
31 2
81 16
94 44
94 40
30 31
40 2
56 88
95 51
26 16
3 40
3 44
23 16
88 108
56 63
106 66
33 69
81 26
104 108
51 30
94 2
119 57
94 31
104 37
40 31
81 16
37 108
67 37
30 17
94 44
30 31
40 2
30 59
56 88
43 40
43 44
67 108
40 59
15 110
26 16
88 104
41 10
23 16
88 108
56 66
106 66
33 69
81 26
104 108
51 30
95 3
94 2
104 67
40 44
88 63
104 37
43 2
81 16
67 37
23 26
45 33
94 44
40 2
95 17
56 88
104 63
43 44
67 108
68 33
26 16
56 108
88 104
41 10
66 63
23 16
56 63
56 66
106 66
51 30
104 67
24 27
25 27
88 63
93 62
104 37
67 37
30 57
31 78
23 26
44 57
71 30
94 44
24 25
40 2
56 88
67 108
68 33
26 16
41 10
23 16
56 63
40 44
44 2
88 63
93 62
63 108
37 108
67 37
30 57
23 26
17 31
45 33
24 25
56 88
67 108
26 16
56 108
54 44
104 29
88 104
41 10
23 16
56 66
104 108
27 62
104 67
28 100
32 79
58 110
44 2
88 63
93 62
104 37
37 108
67 37
30 57
45 33
94 44
24 25
27 43
56 88
88 37
104 63
26 16
104 29
41 10
54 2
56 63
56 66
27 62
44 78
17 78
94 2
104 67
120 121
44 31
88 63
93 62
104 37
63 108
93 27
67 37
30 57
31 78
23 26
94 54
71 30
71 57
27 43
56 88
95 44
26 16
54 44
109 71
104 29
41 10
88 108
56 63
56 66
104 108
3 2
27 62
36 64
17 78
104 67
120 121
28 100
62 43
54 3
58 110
88 63
93 43
63 108
30 57
31 78
3 78
94 54
45 33
71 30
94 44
71 57
27 43
94 51
56 88
104 63
95 44
26 16
54 44
104 29
41 10
88 108
56 63
3 2
27 62
45 68
28 100
62 43
109 57
88 63
71 2
93 27
81 16
30 57
3 78
91 86
94 54
45 33
71 30
94 44
56 88
71 31
17 2
68 33
26 16
88 104
41 10
88 108
56 63
56 66
104 108
27 62
45 68
109 30
94 30
32 79
109 57
58 110
88 63
71 2
40 31
63 108
94 57
81 16
30 57
2 78
91 86
17 31
45 33
88 67
24 25
56 88
71 31
68 33
26 16
54 40
94 109
104 29
1 107
41 10
79 107
51 40
88 108
56 63
56 66
106 66
81 26
104 108
36 64
45 68
1 32
109 30
28 100
109 57
58 110
88 63
93 62
71 2
94 43
63 108
93 27
94 57
81 16
30 57
17 31
45 33
109 44
94 44
11 59
71 79
56 88
104 63
26 16
30 118
94 109
104 29
1 107
41 10
51 40
37 29
23 16
88 108
56 63
56 66
106 66
81 26
104 108
3 2
45 68
28 100
11 68
66 108
88 63
93 62
104 37
71 2
63 108
106 108
81 16
67 37
30 57
57 118
109 44
1 59
94 44
24 25
66 67
30 59
95 17
40 33
17 2
11 45
94 109
41 10
51 40
23 16
88 108
56 63
56 66
106 66
3 2
36 64
45 68
28 100
11 68
59 69
58 110
66 108
88 63
93 62
63 108
3 17
1 69
106 108
51 33
33 59
32 69
57 118
109 44
94 44
30 59
40 33
54 69
11 45
94 109
41 10
51 40
23 16
56 63
56 66
106 66
54 59
32 11
28 100
11 68
59 69
66 108
88 63
104 37
63 108
81 16
51 33
67 37
57 118
109 44
94 44
71 57
66 67
56 88
51 69
67 108
54 57
104 29
81 23
41 10
51 40
88 108
56 63
56 66
106 66
11 78
104 108
54 59
59 69
66 108
88 63
63 108
81 16
37 108
103 58
57 118
51 59
91 86
66 67
79 59
56 88
32 40
68 33
51 11
54 57
104 29
41 10
51 40
88 108
1 11
56 63
56 66
106 66
104 108
51 68
45 68
17 78
11 40
104 67
120 76
104 66
88 63
63 108
106 108
66 80
37 108
51 59
45 33
1 59
94 44
56 88
68 33
54 57
104 29
41 10
29 108
67 29
37 29
88 108
56 63
104 108
17 78
11 40
104 67
40 17
111 30
88 63
104 37
63 108
66 80
37 108
67 37
109 2
91 86
45 33
32 68
94 44
56 88
68 33
41 10
37 29
88 108
56 63
106 66
45 68
120 76
88 63
104 37
63 108
67 37
91 86
45 33
71 30
94 44
71 12
68 33
41 10
95 32
88 108
45 68
17 78
40 17
111 30
63 108
40 78
45 33
71 30
94 44
55 79
68 33
15 110
43 11
41 10
67 29
37 29
88 108
55 43
45 68
16 11
111 30
88 63
63 108
94 57
1 51
67 37
91 86
44 57
45 33
71 30
94 44
16 57
88 37
81 24
54 44
41 10
37 29
88 108
106 66
31 118
45 68
17 78
56 104
88 63
63 108
40 69
1 51
109 11
67 37
1 109
44 57
71 30
94 44
16 57
45 59
100 27
43 59
43 11
41 10
67 29
88 108
31 118
71 44
54 71
88 63
63 108
33 59
16 44
44 57
45 33
71 30
16 57
77 43
44 59
94 45
43 11
41 10
1 57
37 29
88 108
66 110
31 57
26 104
54 33
51 43
55 57
59 69
88 63
63 108
109 77
16 55
43 45
109 59
51 11
41 10
29 108
67 29
37 29
88 108
88 64
64 29
16 69
1 31
54 43
64 108
103 49
88 63
63 108
88 36
55 2
94 54
109 44
109 59
36 108
63 64
3 79
41 10
29 108
37 29
88 108
88 64
64 108
15 66
103 49
59 69
63 108
88 36
91 86
63 64
3 79
41 10
36 63
29 108
37 29
23 100
88 64
56 106
32 113
103 49
59 69
88 36
67 37
16 55
24 66
36 108
67 108
3 79
41 10
36 63
67 29
37 29
88 108
88 64
32 113
59 69
88 63
40 69
37 108
88 36
36 108
63 64
3 79
41 10
36 63
67 29
36 67
37 29
88 64
56 66
12 69
64 108
56 106
59 69
40 69
88 36
67 37
16 55
36 108
58 62
67 108
3 79
41 10
37 29
88 64
56 66
36 64
64 108
23 66
32 113
28 100
37 108
88 36
67 37
16 55
36 108
63 64
88 29
3 79
41 10
36 63
29 108
37 29
88 108
88 64
106 66
88 63
63 108
40 69
16 55
36 108
63 64
51 11
63 29
113 80
23 25
3 79
41 10
29 108
88 108
23 100
106 66
12 69
28 24
59 69
63 108
16 55
56 100
51 11
3 79
41 10
56 23
12 69
59 69
16 55
3 107
51 11
3 79
41 10
56 25
12 69
28 24
94 43
94 54
51 11
3 79
41 10
56 25
108 76
94 43
16 55
94 54
51 11
3 79
41 10
94 43
16 55
94 54
41 10
94 43
16 55
41 10
23 100
94 54
41 10
28 24
56 76
3 79
41 10
28 24
41 10
106 66
28 25
28 24
41 10
28 24
41 10
28 24
41 10
3 79
41 10
106 66
28 24
41 10
106 66
28 76
28 24
41 10
106 66
41 10
56 25
106 66
58 62
41 10
41 10
94 43
41 10
41 10
41 10
90 77
16 55
41 10
24 27
16 55
41 10
90 77
16 55
41 10
23 100
24 27
90 77
16 55
41 10
23 100
90 77
16 55
41 10
28 24
16 55
41 10
28 24
16 55
41 10
28 24
90 77
41 10
28 24
90 77
41 10
41 10
41 10
41 10
41 10
28 24
41 10
81 26
28 24
90 77
16 55
41 10
56 25
28 24
41 10
28 24
90 77
41 10
28 24
41 10
56 24
28 24
41 10
41 10
81 76
28 24
59 69
41 10
24 76
41 10
28 76
26 25
41 10
28 76
56 104
90 77
41 10
56 104
28 24
90 77
16 55
41 10
56 25
16 55
58 62
41 10
28 24
16 55
58 62
41 10
28 24
100 76
90 77
16 55
58 62
41 10
56 25
28 24
100 76
90 77
58 62
41 10
28 24
90 77
41 10
28 24
41 10
56 104
28 24
58 62
41 10
41 10
23 100
56 104
28 24
90 77
16 55
41 10
58 62
41 10
23 100
28 24
16 55
58 62
41 10
16 55
41 10
16 55
41 10
58 62
41 10
26 25
41 10
28 24
41 10
28 24
16 55
41 10
16 55
26 25
41 10
23 100
106 66
16 55
94 54
41 10
90 77
16 55
94 54
41 10
59 69
16 55
94 54
58 62
41 10
90 77
16 55
94 54
41 10
23 100
106 66
90 77
16 55
94 54
41 10
81 26
90 77
94 54
41 10
28 24
90 77
16 55
94 54
41 10
23 100
106 66
90 77
16 55
41 10
23 100
106 66
90 77
16 55
41 10
23 100
90 77
94 54
41 10
28 24
24 27
90 77
41 10
23 100
28 24
24 27
90 77
94 54
23 27
41 10
28 24
24 27
90 77
94 54
15 110
41 10
28 24
90 77
94 54
41 10
28 24
100 76
90 77
94 54
28 81
41 10
56 23
28 24
90 77
94 54
41 10
28 24
90 77
41 10
28 24
59 69
90 77
41 10
90 77
90 95
41 10
28 24
90 77
41 10
106 66
90 77
41 10
32 113
90 95
41 10
32 113
90 77
90 95
41 10
28 24
90 77
90 95
41 10
28 24
90 77
90 95
41 10
32 113
90 77
62 76
41 10
90 77
41 10
56 23
32 113
59 69
90 77
90 95
41 10
56 23
28 24
90 77
16 55
90 95
41 10
32 113
28 24
59 69
90 77
16 55
41 10
32 113
90 77
16 55
41 10
23 100
81 26
90 77
41 10
81 26
90 77
41 10
28 24
90 77
41 10
56 24
62 76
41 10
90 77
41 10
106 66
81 26
90 95
41 10
90 77
90 95
41 10
90 77
41 10
32 113
81 25
41 10
28 24
90 95
41 10
28 24
90 77
90 95
41 10
81 26
90 77
81 25
41 10
90 77
41 10
23 100
90 77
41 10
23 100
90 77
41 10
23 100
56 24
90 95
41 10
28 24
90 77
41 10
28 24
90 77
41 10
23 100
90 77
41 10
106 66
90 77
41 10
90 77
41 10
24 27
90 77
41 10
90 77
90 95
41 10
81 26
41 10
81 26
41 10
56 23
81 26
90 77
41 10
41 10
106 66
32 113
90 77
26 25
41 10
100 66
26 25
41 10
56 104
90 77
100 104
41 10
28 24
90 77
41 10
90 77
41 10
41 10
41 10
28 24
56 100
41 10
26 25
41 10
56 106
26 25
41 10
106 66
28 24
41 10
28 24
41 10
41 10
41 10
41 10
23 100
24 27
56 100
41 10
23 100
56 100
41 10
56 23
56 100
41 10
23 100
90 77
56 100
41 10
26 76
23 100
28 24
56 100
41 10
24 27
90 77
28 27
41 10
90 77
28 27
26 25
41 10
56 23
28 24
24 27
41 10
41 10
58 66
24 27
26 25
41 10
58 66
28 24
28 27
26 25
41 10
41 10
26 25
41 10
90 77
41 10
32 113
90 77
41 10
26 25
41 10
32 113
41 10
32 113
28 24
56 100
41 10
90 77
41 10
41 10
28 24
90 77
66 62
41 10
32 113
58 62
56 100
41 10
23 100
81 26
66 62
41 10
24 27
90 77
56 100
41 10
32 113
24 27
41 10
24 27
90 77
41 10
28 24
41 10
90 77
66 62
41 10
24 27
41 10
81 26
15 110
41 10
90 77
41 10
90 77
28 27
41 10
90 77
41 10
111 12
90 77
41 10
28 24
28 104
41 10
28 24
90 77
41 10
90 77
41 10
90 77
81 25
41 10
27 76
90 77
41 10
28 24
27 76
41 10
23 100
27 76
90 77
41 10
111 12
27 76
16 55
41 10
27 76
90 77
24 26
41 10
23 100
27 76
90 77
41 10
23 100
106 66
28 24
41 10
27 76
41 10
28 24
90 77
41 10
27 76
41 10
27 76
41 10
90 77
41 10
27 76
41 10
27 76
90 77
26 25
41 10
27 76
90 77
41 10
41 10
90 77
41 10
90 77
41 10
90 77
41 10
90 77
26 25
41 10
28 24
41 10
28 24
90 77
41 10
90 77
41 10
90 77
41 10
28 24
41 10
26 25
41 10
23 100
56 104
90 77
41 10
23 100
28 24
90 77
41 10
28 76
41 10
106 66
28 76
28 24
41 10
16 55
41 10
81 26
106 110
15 62
41 10
106 66
41 10
41 10
41 10
26 25
41 10
26 25
41 10
32 113
41 10
24 76
41 10
41 10
41 10
28 24
24 104
41 10
56 25
90 77
41 10
90 77
41 10
90 77
41 10
28 24
41 10
106 66
15 110
41 10
81 26
28 23
16 55
41 10
24 27
90 77
41 10
90 77
100 104
41 10
26 76
81 26
24 27
81 25
41 10
24 27
100 104
41 10
66 110
56 104
32 113
24 27
41 10
23 100
106 66
24 27
90 77
16 55
41 10
90 77
41 10
28 25
28 24
90 77
41 10
28 24
90 77
41 10
28 24
90 77
41 10
28 24
90 77
41 10
32 113
28 24
24 27
90 77
41 10
23 100
28 24
24 25
41 10
28 24
90 77
24 25
41 10
90 77
41 10
32 113
24 27
90 77
28 27
16 55
24 25
41 10
28 24
24 27
90 77
28 27
24 25
41 10
24 27
90 77
41 10
24 25
41 10
81 76
90 77
28 27
24 25
15 110
41 10
32 113
15 66
90 77
28 27
41 10
111 12
90 77
28 27
41 10
28 24
24 27
41 10
24 27
41 10
32 113
24 27
90 77
41 10
90 77
28 27
41 10
90 77
24 25
41 10
106 66
24 27
90 77
24 25
41 10
56 25
32 113
28 24
24 27
41 10
56 25
28 24
24 27
90 77
24 25
41 10
24 27
90 77
41 10
90 77
41 10
90 77
28 27
16 55
24 25
41 10
90 77
28 27
16 55
58 62
41 10
23 100
90 77
41 10
23 100
28 25
90 77
41 10
106 66
81 26
90 77
41 10
106 66
90 77
28 27
16 55
41 10
90 77
66 62
41 10
90 77
16 55
41 10
90 77
16 55
41 10
28 25
15 62
90 77
41 10
28 24
90 77
28 27
66 62
41 10
56 104
28 24
90 77
28 27
66 62
41 10
56 104
28 24
90 77
41 10
56 104
90 77
41 10
56 104
90 77
41 10
32 113
90 77
24 25
41 10
56 104
90 77
41 10
90 77
24 25
41 10
90 77
24 25
41 10
90 77
24 25
41 10
90 77
16 55
41 10
81 26
90 77
41 10
106 66
111 12
90 77
41 10
90 77
16 55
41 10
90 77
28 27
24 25
41 10
28 27
41 10
106 66
90 77
28 27
41 10
90 77
28 27
24 25
41 10
28 24
90 77
41 10
90 77
41 10
23 100
56 24
90 77
81 24
41 10
23 100
90 77
81 24
41 10
90 77
41 10
90 77
23 100
90 77
28 27
41 10
23 100
106 66
90 77
81 24
41 10
25 27
90 77
41 10
90 77
41 10
24 27
90 77
41 10
28 25
24 27
90 77
41 10
24 27
28 100
90 77
41 10
24 27
90 77
41 10
23 100
81 26
24 27
90 77
41 10
23 100
28 24
90 77
41 10
24 27
90 77
41 10
81 26
66 76
90 77
41 10
24 27
90 77
41 10
28 25
90 77
41 10
90 77
41 10
81 26
24 27
25 27
90 77
45 4
41 10
81 76
23 100
24 27
90 77
41 10
81 76
23 100
81 26
24 27
90 77
41 10
106 66
81 26
24 27
90 77
41 10
23 100
24 27
90 77
41 10
24 27
90 77
41 10
81 26
24 27
90 77
41 10
81 26
90 77
41 10
90 77
28 27
41 10
90 77
28 27
41 10
90 77
28 27
28 81
41 10
90 77
28 27
41 10
90 77
41 10
90 77
28 27
41 10
106 66
90 77
28 27
41 10
67 64
67 37
41 10
67 64
28 26
41 10
90 77
28 26
41 10
90 77
28 26
41 10
41 10
56 104
90 77
90 95
41 10
56 104
90 77
41 10
41 10
56 104
90 77
41 10
90 77
41 10
90 77
41 10
23 100
106 66
90 77
41 10
23 100
106 66
90 77
28 27
41 10
23 100
90 77
41 10
101 107
41 10
101 107
41 10
101 107
41 10
23 100
101 107
28 27
41 10
23 100
101 107
28 27
41 10
101 107
41 10
101 107
41 10
101 107
41 10
23 100
106 66
101 107
41 10
106 66
101 107
41 10
101 107
28 24
41 10
101 107
41 10
101 107
55 30
90 77
16 55
41 10
101 107
16 55
40 57
3 119
1 71
3 79
41 10
105 119
56 25
32 113
126 43
82 113
43 80
90 77
12 107
40 57
3 119
41 10
56 25
68 69
45 57
113 45
33 4
43 80
40 45
16 55
109 44
1 43
41 10
105 119
1 55
106 66
113 57
1 33
101 40
28 100
71 32
109 44
11 12
101 2
43 11
41 10
106 66
55 43
43 119
1 33
32 57
1 32
28 100
101 69
109 44
41 10
101 3
81 26
11 40
1 33
1 32
28 100
101 16
109 78
30 57
41 10
40 12
1 32
28 24
28 100
79 2
41 10
1 32
28 100
81 24
41 10
55 31
55 43
54 30
24 30
81 24
41 10
17 78
56 24
56 32
41 10
40 12
81 24
24 26
41 10
106 66
81 26
28 100
16 59
41 10
106 66
28 100
24 109
81 24
41 10
106 66
81 40
26 12
41 10
24 40
28 66
41 10
40 12
106 66
106 40
66 12
66 40
106 66
66 12
41 10
23 16
16 17
41 10
106 66
17 78
23 17
41 10
106 66
41 10
106 66
66 43
41 10
106 43
66 43
41 10
106 66
66 43
41 10
106 66
106 43
15 43
41 10
106 66
43 110
66 43
58 62
41 10
106 66
106 43
43 110
66 43
41 10
106 66
106 43
66 43
41 10
58 62
41 10
66 43
58 62
25 58
41 10
25 62
66 43
58 62
41 10
25 62
58 62
25 58
41 10
41 10
41 10
58 62
41 10
58 62
41 10
41 10
41 10
29 120
41 10
126 31
31 2
41 10
58 62
41 10
58 62
41 10
41 10
41 10
41 10
41 10
105 119
44 119
41 10
44 119
41 10
44 119
41 10
70 105
58 62
41 10
70 105
82 44
58 62
41 10
70 105
82 44
41 10
70 105
82 44
44 119
58 62
41 10
70 105
28 100
82 44
41 10
28 100
41 10
70 105
82 44
58 62
24 80
41 10
82 119
24 3
58 62
41 10
82 44
58 62
41 10
24 51
58 62
41 10
28 82
28 100
24 51
41 10
28 100
24 51
41 10
41 10
58 62
41 10
28 100
41 10
28 100
41 10
28 100
41 10
28 100
41 10
28 100
41 10
108 113
28 100
41 10
51 43
28 100
41 10
106 43
28 100
26 43
66 43
41 10
106 66
28 100
66 43
62 76
41 10
106 66
106 43
24 26
41 10
106 66
106 43
66 43
41 10
28 100
24 26
41 10
106 66
24 27
28 100
24 26
41 10
24 27
24 26
41 10
82 109
105 44
41 10
82 109
58 62
24 26
41 10
82 109
28 82
24 26
41 10
82 109
24 26
95 44
41 10
82 109
82 100
95 44
105 44
41 10
106 66
28 100
24 26
95 44
41 10
82 109
24 26
95 44
41 10
105 44
41 10
95 105
28 100
24 26
41 10
82 109
24 26
41 10
23 51
41 10
23 51
98 29
41 10
24 26
105 44
82 109
24 3
24 80
82 109
24 3
41 10
82 109
24 26
41 10
82 109
17 78
66 51
26 3
24 3
41 10
82 109
24 3
41 10
82 109
106 66
51 43
24 3
41 10
82 109
51 43
23 80
41 10
82 109
106 66
23 80
41 10
82 109
41 10
82 109
41 10
106 66
41 10
41 10
106 66
81 26
41 10
82 109
81 26
66 43
41 10
66 43
41 10
81 26
66 43
41 10
82 109
24 23
41 10
82 109
24 80
41 10
41 10
58 62
81 23
41 10
81 23
41 10
17 31
81 23
41 10
106 66
81 23
41 10
81 23
41 10
106 66
66 43
58 62
81 23
41 10
106 66
66 43
41 10
58 62
41 10
82 109
106 66
58 62
41 10
106 51
66 51
51 43
106 43
41 10
66 51
106 43
58 62
62 76
41 10
82 109
106 51
66 51
58 62
62 76
90 87
41 10
106 66
66 51
81 23
41 10
82 109
66 51
106 43
58 62
82 109
106 51
66 51
106 43
58 62
24 80
41 10
106 51
66 51
64 108
106 43
23 27
41 10
66 51
64 108
81 27
41 10
106 66
66 51
64 108
106 43
24 80
81 27
41 10
66 51
106 43
24 80
41 10
106 66
64 108
106 43
24 3
24 80
81 27
41 10
106 66
66 51
64 108
24 80
81 27
41 10
106 43
15 43
41 10
106 43
43 110
24 80
41 10
66 51
106 43
43 110
58 76
41 10
106 51
66 51
106 43
43 110
58 62
41 10
106 51
106 43
43 110
24 3
41 10
106 43
58 62
24 80
41 10
82 109
81 26
106 43
26 27
24 80
81 23
41 10
106 51
106 66
81 26
106 43
43 110
26 27
41 10
106 51
106 66
106 43
26 27
41 10
106 51
106 66
81 26
66 51
106 43
43 110
109 44
62 76
24 80
41 10
82 109
82 109
106 51
16 31
66 51
106 43
43 110
58 76
109 44
62 76
41 10
106 51
106 43
109 44
62 76
24 80
81 27
41 10
106 66
81 26
106 43
66 43
58 76
109 44
41 10
81 26
106 43
43 110
58 76
98 29
41 10
81 26
106 43
43 110
62 76
98 29
41 10
106 66
81 26
106 43
43 110
81 27
41 10
106 66
81 26
109 111
16 31
66 51
106 43
58 76
26 27
81 27
41 10
106 66
16 31
66 51
43 110
58 76
26 27
98 29
41 10
106 51
16 31
66 51
26 27
81 23
41 10
106 51
16 31
66 51
31 78
41 10
106 51
16 31
31 78
41 10
106 51
66 51
41 10
106 51
81 26
24 80
41 10
81 26
24 80
41 10
66 51
66 43
41 10
16 12
66 51
16 40
40 31
43 110
45 33
40 57
24 80
41 10
106 66
66 51
12 78
58 62
24 80
15 51
16 78
41 10
106 66
81 26
66 51
40 45
62 76
24 80
95 44
81 27
41 10
16 12
66 51
66 43
40 45
33 57
95 44
15 51
16 78
81 27
41 10
106 66
106 66
81 26
66 51
16 71
40 45
106 54
58 62
23 27
57 4
33 57
24 80
95 44
41 10
106 66
66 51
106 43
106 54
95 44
41 10
106 66
110 80
66 51
106 54
62 76
45 69
68 33
71 78
106 66
110 80
66 51
40 69
62 76
11 83
71 78
41 10
106 66
71 69
110 80
66 51
40 69
43 110
94 3
106 54
95 16
62 76
69 78
71 78
41 10
71 33
66 110
106 66
106 66
71 69
110 80
66 51
106 43
12 78
106 54
95 16
58 76
62 76
69 78
81 23
41 10
70 44
66 110
106 66
33 69
71 69
3 80
110 80
66 51
17 69
40 45
106 54
23 26
12 57
24 3
62 76
15 51
81 23
70 44
66 110
106 66
101 3
71 69
110 80
66 51
23 26
58 62
62 76
69 78
3 44
70 44
106 66
71 69
110 80
66 51
17 69
12 57
3 44
41 10
70 44
106 66
71 69
110 80
66 51
43 40
43 59
41 10
1 57
70 44
106 66
71 69
110 80
106 43
1 12
43 45
69 78
70 3
106 66
43 57
71 69
110 80
66 51
45 57
106 43
12 57
69 78
41 10
106 66
43 57
71 69
16 31
110 80
66 51
17 69
82 44
43 80
1 101
33 17
15 110
43 11
16 30
41 10
71 33
33 69
43 57
71 69
36 64
110 80
66 51
51 12
106 43
43 80
1 101
43 11
16 30
41 10
81 26
80 12
43 57
71 69
110 80
66 51
28 100
1 101
43 11
16 30
41 10
80 12
43 57
71 69
12 83
110 80
80 83
106 43
59 69
45 12
58 62
1 101
16 30
81 27
41 10
71 69
17 78
110 80
40 80
80 83
71 59
59 69
58 62
16 30
41 10
43 12
106 66
30 33
71 69
17 78
110 80
80 83
51 43
71 59
106 43
59 69
45 12
30 59
43 40
15 51
43 11
16 30
41 10
106 51
106 66
93 71
30 33
43 57
110 80
45 12
33 59
16 33
101 105
69 78
15 51
16 30
41 10
106 66
33 69
30 33
45 68
110 80
59 17
82 113
40 45
69 78
15 110
54 44
43 11
16 30
41 10
93 2
66 110
106 66
110 80
77 83
51 54
80 83
59 17
71 2
16 33
24 80
69 78
15 110
54 44
43 11
16 30
30 33
17 78
110 80
45 57
51 54
80 83
59 69
17 69
71 2
55 2
77 80
1 101
43 40
69 78
54 44
43 11
16 30
81 23
81 27
41 10
11 57
106 66
43 57
17 78
110 80
66 51
16 59
59 69
17 69
71 2
12 78
77 80
43 11
16 30
81 27
41 10
11 57
59 2
106 66
43 57
71 69
16 69
45 68
28 100
59 69
17 69
83 57
43 83
94 44
16 2
62 76
1 101
43 40
51 69
15 51
30 118
51 80
43 11
41 10
11 57
59 2
101 3
43 57
16 69
17 78
16 59
59 69
12 78
83 57
12 17
62 76
1 101
51 69
15 43
11 45
54 44
71 78
81 23
41 10
30 78
80 69
28 100
12 17
1 101
43 79
51 69
11 45
40 68
43 11
41 10
11 57
59 2
30 78
43 57
80 69
59 69
71 30
30 17
94 44
71 17
71 12
43 40
24 80
11 45
71 78
41 10
30 78
106 66
17 78
106 43
28 100
40 45
43 68
71 30
30 17
12 17
71 17
80 59
43 40
71 78
30 78
106 66
33 69
43 57
45 68
69 2
11 40
16 59
30 12
40 45
51 59
71 30
30 17
44 59
15 43
41 10
106 66
45 57
16 11
59 69
33 57
51 11
51 80
41 10
106 66
55 80
110 80
53 6
106 43
1 79
1 16
43 45
30 17
51 11
41 10
30 69
33 69
30 33
28 100
12 78
1 79
11 80
1 16
43 45
30 17
94 44
80 2
60 96
51 80
100 36
41 10
30 69
66 110
71 69
28 36
43 110
66 43
11 80
43 45
94 44
53 39
15 51
100 36
41 10
43 33
1 11
33 69
17 78
66 51
62 43
93 62
43 110
66 43
12 78
28 64
11 80
43 83
93 51
30 17
30 11
12 17
53 39
90 95
24 80
15 51
41 10
1 11
60 10
19 22
93 62
43 80
12 78
24 3
53 39
68 33
41 10
1 11
60 10
19 22
93 62
43 80
12 78
1 79
43 83
16 45
94 44
30 83
53 39
41 10
8 115
1 11
33 69
3 80
28 100
19 22
16 59
93 62
16 40
43 80
30 43
105 3
94 44
24 3
24 80
51 11
46 39
100 36
41 10
36 104
46 53
94 16
3 80
28 100
19 22
93 62
43 80
95 101
95 107
1 95
16 44
30 43
30 80
105 3
43 83
94 44
16 54
53 39
81 24
1 43
81 23
41 10
1 11
28 100
101 11
43 2
95 107
16 44
30 43
30 80
3 107
1 2
53 39
81 24
24 26
81 23
41 10
1 11
33 69
81 26
43 80
95 107
60 42
16 44
30 43
43 83
64 120
24 23
53 39
24 26
51 45
46 53
1 11
28 100
43 80
1 12
60 42
16 44
95 80
64 120
3 107
1 2
11 12
30 83
81 23
41 10
11 2
1 11
101 107
79 2
95 30
1 51
1 12
16 44
64 120
12 2
3 107
1 2
11 12
1 78
41 10
81 26
101 107
71 69
70 105
43 80
1 12
60 42
16 44
30 43
95 83
43 83
64 120
3 107
1 2
11 2
101 107
51 55
51 57
43 80
1 12
16 44
95 83
3 107
1 2
1 101
11 2
101 107
45 68
43 80
40 45
1 12
16 44
30 43
1 79
57 118
64 120
3 107
46 39
79 78
41 10
11 2
101 51
33 69
12 79
101 69
1 12
16 44
101 79
1 83
64 120
46 39
101 71
41 10
11 2
33 69
43 80
16 44
30 43
1 79
64 120
3 107
51 69
11 83
1 78
79 78
101 118
101 4
95 43
12 79
101 45
79 2
43 80
16 44
30 43
1 79
57 118
1 83
64 120
109 99
3 107
11 12
53 96
1 78
79 78
93 101
94 101
79 17
95 43
101 16
43 80
1 12
101 44
16 44
30 43
1 79
57 118
94 54
3 107
54 44
43 11
79 107
45 68
12 83
95 43
101 69
1 12
16 44
30 43
57 118
1 83
109 99
16 54
3 107
101 105
54 44
79 107
83 78
95 43
101 113
43 80
1 12
12 78
16 44
30 43
1 79
101 70
101 119
109 99
54 44
43 11
101 3
101 107
45 68
83 78
107 2
28 100
95 43
79 2
43 80
12 78
16 44
30 43
1 79
11 80
101 119
109 99
54 44
79 107
28 100
95 43
12 79
79 2
1 69
43 80
12 78
16 44
30 43
101 78
64 120
109 99
3 107
101 83
54 44
101 43
79 107
101 12
83 78
17 78
12 83
101 17
1 69
43 80
12 78
16 44
30 43
64 120
54 44
101 30
83 78
17 78
12 83
28 100
101 80
94 99
12 78
16 44
95 80
94 54
43 79
54 44
101 43
101 30
17 78
28 100
101 11
43 80
12 78
16 44
30 43
101 79
95 80
94 54
101 77
28 104
54 44
1 51
16 44
100 104
101 79
24 23
101 77
43 79
51 69
101 2
101 83
83 2
43 11
95 43
1 69
43 80
1 51
16 44
30 43
95 80
57 118
3 107
43 79
83 2
43 11
1 71
36 104
95 79
83 78
11 79
43 80
12 78
16 44
30 43
94 44
77 2
24 23
3 107
43 11
70 105
83 78
43 80
12 78
16 44
30 43
77 2
43 79
54 44
43 11
70 105
83 78
101 45
43 80
16 44
30 43
95 80
30 17
16 54
43 11
79 107
36 104
94 16
83 78
95 43
101 45
12 78
16 44
30 43
16 54
43 11
36 104
101 107
45 68
83 78
43 80
16 44
43 17
94 54
31 69
94 44
24 23
95 17
54 44
43 11
36 104
101 107
45 68
95 11
95 43
95 30
43 80
16 44
31 78
43 17
94 44
12 31
95 17
54 44
43 11
36 104
83 78
95 43
43 80
12 78
16 44
95 80
31 78
43 17
24 23
95 17
54 44
36 104
83 78
95 43
43 80
16 44
95 80
31 78
24 23
54 44
83 78
95 43
43 80
16 44
95 80
57 118
94 44
24 23
3 107
54 44
43 12
83 78
95 43
16 44
95 80
31 78
24 23
54 44
43 12
83 78
95 43
16 44
24 23
3 107
54 44
33 31
16 44
24 23
3 107
54 44
83 78
43 80
16 44
3 107
95 51
51 78
54 44
43 11
33 31
83 78
51 43
28 100
95 43
51 83
43 80
16 44
57 118
77 30
16 54
3 107
71 31
54 44
43 11
95 43
51 83
43 80
16 44
95 80
16 54
3 107
54 44
43 11
94 16
83 78
95 43
33 118
43 80
16 44
93 44
94 44
16 54
54 44
43 11
94 16
83 78
16 44
31 69
94 44
16 54
43 79
54 44
43 11
33 31
12 79
16 44
16 54
1 101
51 78
54 44
43 11
87 77
43 80
16 44
43 107
16 54
51 78
54 44
43 11
51 83
43 80
1 51
54 44
43 11
33 69
33 31
95 43
101 32
87 77
43 80
31 69
94 44
54 44
43 11
87 77
16 44
31 69
93 44
94 44
51 11
54 44
1 43
43 11
107 2
95 43
43 80
16 44
57 118
93 44
54 44
33 31
45 68
51 43
87 77
90 77
16 44
95 80
57 118
93 44
54 44
18 14
43 11
43 12
1 11
33 69
51 43
87 77
43 80
90 77
16 44
1 79
57 118
94 44
44 59
54 44
18 14
1 107
33 69
11 79
87 77
11 107
43 80
16 44
57 118
94 44
54 44
18 14
41 10
33 69
80 12
51 43
16 59
43 80
16 44
57 118
54 44
41 10
43 12
1 11
95 43
43 80
16 44
57 118
54 44
43 11
41 10
1 11
101 32
16 44
95 80
57 118
54 44
41 10
1 11
101 3
45 68
101 32
43 80
16 44
95 80
94 44
54 44
43 11
41 10
1 11
43 80
24 58
43 11
41 10
1 11
31 118
45 68
83 78
95 43
43 80
95 80
94 44
43 11
41 10
43 12
1 11
33 31
43 80
32 3
43 11
41 10
1 11
95 43
43 80
32 3
24 58
43 11
1 11
83 78
95 43
101 32
80 99
64 120
24 58
41 10
31 118
45 68
70 59
95 43
24 74
16 44
58 74
80 99
11 12
102 9
24 58
54 44
41 10
70 59
95 43
1 12
32 43
41 10
1 32
70 59
95 43
80 99
41 10
45 68
83 78
70 59
103 49
95 43
105 43
30 57
43 79
24 58
54 44
41 10
41 10
31 57
45 68
95 43
57 118
45 33
24 58
54 44
41 10
31 57
95 105
1 12
54 45
43 69
71 43
41 10
41 10
54 33
16 44
30 57
45 33
31 69
54 45
43 44
71 43
41 10
83 78
83 17
43 44
1 107
41 10
17 78
12 83
1 30
43 44
24 58
54 57
41 10
17 78
90 30
30 57
64 120
30 31
43 44
24 58
41 10
1 31
45 68
30 57
64 120
30 31
43 44
24 58
54 57
41 10
1 31
17 78
95 105
70 69
103 49
54 30
64 120
45 33
11 17
43 44
54 57
95 118
41 10
1 118
11 78
45 68
83 78
17 78
54 30
87 77
12 78
64 120
43 44
45 68
17 78
95 105
1 70
118 78
94 43
12 78
17 118
30 57
31 78
45 33
3 107
11 12
43 44
68 33
41 10
11 78
45 68
95 105
12 78
93 16
30 57
31 78
45 33
3 107
43 44
68 33
54 57
41 10
101 30
45 68
16 40
30 57
70 30
31 78
64 120
45 33
33 57
68 33
24 58
54 57
41 10
54 11
16 43
11 68
118 78
11 33
64 120
43 44
68 33
54 12
95 12
54 57
41 10
109 43
95 11
12 79
54 30
64 120
109 44
3 107
68 57
68 33
24 58
54 12
41 10
109 43
101 107
45 12
30 57
64 120
3 107
11 12
68 57
54 45
16 68
68 33
24 58
54 57
1 43
41 10
54 11
16 43
83 78
54 43
45 12
90 30
45 78
30 57
31 78
64 120
43 45
3 107
68 33
41 10
83 78
45 12
30 57
31 78
64 120
3 107
16 68
68 33
41 10
105 12
30 78
83 78
57 78
32 80
59 69
1 44
105 2
31 78
68 33
51 45
41 10
30 78
83 78
59 69
1 44
49 120
30 57
31 78
12 31
3 107
11 12
30 31
68 33
41 10
30 78
83 78
57 78
59 69
1 44
30 57
31 78
3 107
41 10
101 107
83 78
1 44
31 78
68 33
41 10
32 80
1 44
30 57
31 78
68 33
24 58
41 10
36 64
1 44
31 78
68 33
24 58
41 10
54 2
1 44
43 78
31 78
41 10
83 78
1 44
31 78
68 33
24 58
16 78
41 10
36 64
83 78
1 44
31 78
68 33
16 78
41 10
36 64
54 78
31 78
41 10
36 64
1 44
31 78
3 107
41 10
41 10
101 107
83 31
31 78
3 107
41 10
41 10
43 33
36 64
31 78
41 10
41 10
101 107
36 64
16 83
83 31
1 44
79 2
31 78
41 10
43 33
16 31
1 44
31 78
41 10
43 33
36 64
31 78
41 10
43 33
36 64
31 78
95 109
102 9
24 58
41 10
43 33
36 64
16 31
1 44
31 78
24 58
41 10
36 64
16 31
83 31
1 44
79 2
31 78
95 109
16 17
43 44
24 58
36 64
83 31
1 44
49 120
58 74
31 78
68 83
43 44
24 58
36 64
16 31
12 83
45 57
1 44
43 80
30 11
24 58
36 64
43 80
90 30
12 78
12 57
30 11
11 12
33 12
40 57
57 4
24 58
30 78
11 78
43 57
36 64
16 11
1 44
43 80
11 31
31 78
12 57
11 12
57 4
24 58
36 64
1 44
30 43
12 2
68 33
24 58
11 2
16 43
36 64
1 44
43 78
30 43
30 57
11 12
109 12
24 58
11 2
36 64
83 78
1 44
43 78
109 11
30 57
109 2
109 12
16 43
83 78
43 78
30 57
109 2
12 2
11 12
68 33
11 45
36 64
12 83
43 78
30 57
109 2
49 36
77 12
36 64
30 57
109 2
11 12
57 4
49 36
36 64
77 11
1 44
30 57
3 107
11 12
49 36
77 12
90 45
36 64
30 4
49 64
95 43
77 11
101 80
95 31
1 44
30 57
95 78
31 78
68 33
49 36
77 12
36 64
95 43
95 31
30 57
95 78
57 4
68 33
11 45
49 36
16 43
101 3
36 64
30 4
49 64
95 43
30 57
95 16
68 33
49 36
101 3
30 4
24 98
95 43
30 57
95 78
68 33
16 78
49 36
80 107
77 12
101 3
36 64
24 98
30 57
95 78
57 4
68 33
11 45
16 78
49 36
80 107
77 12
101 3
36 64
49 64
28 100
1 44
43 78
30 57
95 78
57 4
68 33
11 45
16 78
49 36
16 43
101 3
49 64
1 44
43 78
30 57
57 4
49 36
16 43
101 3
30 4
49 64
28 100
1 44
37 33
43 78
30 57
57 4
49 36
16 43
101 3
30 33
49 64
28 100
95 43
37 68
37 33
16 33
57 4
43 79
49 36
11 2
101 3
33 31
20 114
79 2
57 4
43 79
11 45
73 31
49 36
101 3
36 64
49 64
20 114
43 2
79 2
33 78
90 11
12 31
57 4
43 79
16 78
114 61
101 3
36 64
12 4
20 114
43 2
30 57
11 12
30 59
57 4
43 79
30 40
11 45
16 78
49 36
101 3
36 64
49 64
70 59
20 114
45 12
30 57
24 69
12 57
11 12
30 59
43 79
24 58
11 45
16 78
49 36
30 69
101 3
36 64
49 64
70 59
20 114
59 69
45 12
79 2
30 57
12 57
11 12
43 79
30 40
16 78
49 36
101 3
36 64
30 4
49 64
45 12
43 2
79 2
30 57
12 57
24 30
57 4
43 79
52 30
16 78
30 4
49 64
45 12
43 2
30 57
12 57
57 4
43 79
24 58
16 78
49 36
36 64
30 4
109 113
49 64
20 114
59 69
43 2
30 57
12 57
11 12
11 12
43 79
24 58
11 45
11 45
16 78
49 36
11 57
101 3
36 64
49 64
20 114
59 69
45 12
79 2
58 98
30 43
12 57
11 12
11 12
57 4
43 79
24 58
16 78
49 36
11 57
101 3
36 64
20 114
43 2
58 98
12 57
11 12
43 79
24 58
11 45
34 19
36 64
109 113
20 114
1 44
43 107
12 57
11 12
11 12
43 79
11 45
16 78
11 57
36 64
107 2
20 114
59 69
1 44
45 12
43 107
23 29
12 57
11 12
11 12
57 4
43 79
16 78
36 64
107 2
109 113
59 69
45 12
43 2
43 107
12 57
24 23
43 79
30 40
28 67
16 78
11 57
30 45
36 64
12 83
107 2
109 113
59 69
30 12
43 2
49 67
43 107
12 57
30 11
43 79
19 45
16 78
79 107
11 57
101 3
107 2
109 113
59 69
63 108
43 107
12 57
11 12
28 67
82 12
41 10
79 107
11 57
36 64
93 79
107 2
109 113
59 69
30 12
43 2
95 107
43 107
30 57
23 29
12 57
30 11
41 10
79 107
101 3
36 64
107 2
59 69
43 107
28 64
23 29
43 79
28 67
16 77
36 67
20 73
107 2
109 113
27 45
105 80
59 69
58 29
28 36
100 64
23 29
43 79
28 67
11 45
36 67
107 2
90 20
27 45
59 69
1 44
43 2
28 36
57 4
43 79
19 4
101 3
36 64
67 64
27 45
59 69
43 80
16 77
36 64
67 64
90 20
43 80
49 100
24 23
43 11
67 64
109 113
49 64
49 67
24 23
43 11
1 107
41 10
101 3
27 11
109 113
49 67
53 14
19 30
43 11
1 107
41 10
36 64
109 113
49 64
24 98
1 44
49 67
43 11
1 107
101 3
36 64
109 113
49 64
16 105
21 84
11 45
43 11
41 10
101 3
36 64
27 11
16 105
24 23
43 11
41 10
36 67
101 3
109 113
53 14
12 107
24 23
24 58
11 45
101 3
109 113
30 68
63 108
53 14
12 107
30 11
24 23
67 108
24 58
100 36
41 10
36 67
101 3
109 113
90 20
1 44
53 14
36 108
41 10
109 113
59 69
1 44
63 108
12 107
43 11
63 108
16 105
13 115
12 107
24 58
90 20
101 32
52 14
13 115
103 122
14 38
41 10
14 22
36 64
12 4
101 32
52 14
13 115
12 57
24 58
41 10
14 22
36 64
12 4
101 32
52 14
13 115
103 122
36 108
14 38
24 58
27 41
27 10
43 11
67 63
36 64
64 108
90 20
101 32
19 13
13 115
14 73
36 108
14 10
14 38
41 10
67 63
36 64
90 20
101 32
63 108
13 115
68 59
67 108
14 38
54 9
27 41
56 108
43 11
41 10
67 63
36 64
28 100
101 32
30 13
52 10
34 14
67 108
14 38
24 58
27 10
52 41
56 108
41 10
67 63
28 100
90 20
54 30
101 32
30 13
52 99
54 13
14 114
9 13
13 115
73 22
52 10
27 10
52 41
56 108
14 61
12 83
90 20
54 30
101 32
79 2
30 13
54 13
13 115
103 122
67 108
56 108
56 67
10 65
56 63
36 64
30 20
28 100
90 20
101 32
63 108
30 13
53 14
13 115
103 122
67 108
56 108
56 67
10 65
33 69
13 114
30 20
90 20
101 32
43 2
30 13
90 30
54 13
103 122
52 13
56 108
56 67
10 65
56 63
44 107
33 69
30 20
90 20
54 30
101 32
30 13
52 5
53 14
95 77
54 13
13 115
8 84
56 108
88 108
56 63
33 69
30 20
90 20
101 32
37 33
30 13
53 14
90 30
54 13
13 115
103 122
88 67
52 13
1 107
30 20
90 20
101 32
88 63
33 13
43 2
30 13
53 14
90 30
103 122
88 67
67 108
10 114
88 108
24 50
36 64
12 4
30 20
28 100
101 32
88 63
33 13
43 2
30 13
53 14
54 13
30 10
88 67
90 54
16 3
24 50
30 68
30 20
28 100
101 32
24 41
33 115
63 108
43 2
53 14
95 77
90 30
13 115
52 13
117 39
16 3
62 108
54 11
96 65
36 64
64 108
37 41
90 20
101 32
30 12
63 108
43 2
53 14
11 6
24 108
103 122
50 108
39 5
52 13
117 39
36 64
13 84
28 100
37 41
39 73
101 32
93 17
53 14
50 62
103 122
52 13
57 4
52 115
67 62
10 65
44 78
37 41
90 20
39 73
101 32
73 5
107 78
33 41
52 13
42 22
11 45
30 4
90 20
39 73
53 14
33 41
52 13
42 22
96 65
30 4
23 50
90 20
39 73
24 41
46 73
33 41
52 13
42 22
63 29
104 62
1 107
52 115
23 33
24 33
90 20
39 73
24 41
37 33
95 30
46 73
53 14
16 105
13 115
24 37
52 13
42 22
63 29
104 62
52 115
104 67
90 20
44 80
39 73
101 113
53 14
50 62
9 13
13 115
52 13
42 22
46 39
63 29
52 115
3 11
36 64
17 78
4 78
90 20
39 73
83 17
19 13
37 33
46 73
50 62
9 13
13 115
24 23
52 13
36 64
17 78
39 73
37 33
50 62
67 37
13 115
52 13
3 91
39 42
52 115
91 20
90 20
39 73
37 33
43 2
13 115
52 13
51 78
104 62
52 115
96 65
52 91
36 64
39 73
37 33
16 105
106 54
5 42
103 122
32 78
52 13
58 37
104 62
16 78
52 91
23 50
28 100
90 20
39 73
59 69
43 2
5 72
103 122
24 23
52 13
23 58
16 12
59 2
9 47
23 50
28 100
90 20
39 73
43 2
50 62
5 72
103 122
106 11
79 59
52 13
43 79
58 37
91 65
14 61
1 107
85 47
95 54
59 2
106 51
54 79
39 73
37 33
50 62
5 72
13 115
58 33
52 13
23 37
56 88
104 62
65 72
93 54
85 73
54 79
50 51
106 104
9 19
24 27
13 65
45 12
37 33
46 13
50 62
95 107
13 115
58 33
13 42
52 13
90 51
46 39
104 62
1 107
56 106
50 51
9 19
117 73
59 69
45 12
37 33
46 13
28 26
13 38
58 33
52 13
104 62
1 107
93 54
85 13
56 106
117 73
45 12
85 42
79 2
53 14
50 62
13 38
58 33
52 13
51 11
104 62
106 67
86 65
23 104
79 2
58 27
52 13
15 110
104 62
1 107
66 110
56 106
86 65
23 104
58 33
52 13
104 64
36 64
85 73
56 106
106 67
101 16
27 50
50 62
13 115
52 13
104 64
81 23
1 107
37 30
67 63
36 64
46 38
30 13
50 62
58 33
52 13
52 13
52 30
67 63
56 106
15 66
59 69
85 42
52 13
67 63
56 106
24 27
59 69
85 42
30 13
28 26
24 37
52 13
81 23
65 72
36 64
56 106
45 12
85 42
30 13
13 59
52 13
56 88
67 108
81 110
24 27
86 65
30 13
20 5
52 13
21 47
67 63
24 27
28 100
86 65
85 42
90 77
24 23
52 13
23 37
15 110
67 63
9 19
24 27
28 100
85 42
23 69
50 62
90 77
52 13
56 88
24 62
67 63
9 19
24 27
28 100
85 42
50 62
90 77
52 13
106 66
9 19
24 27
28 100
36 29
102 41
50 62
90 77
52 13
56 88
106 66
36 64
9 19
24 27
85 42
50 62
90 77
52 13
106 66
24 50
24 27
28 100
85 42
27 50
90 77
52 13
56 88
25 100
67 63
24 27
90 77
24 69
52 13
88 29
66 63
106 66
67 63
24 27
85 42
20 5
90 77
106 66
67 63
24 27
50 62
20 5
90 77
106 66
67 63
24 27
85 42
50 62
20 5
90 77
28 26
52 13
56 88
104 62
106 66
67 63
36 64
9 19
24 27
81 15
20 5
90 77
28 26
56 88
104 62
106 66
9 19
24 27
85 42
20 5
90 77
56 88
106 66
85 42
53 14
20 5
90 77
106 66
9 19
85 42
20 5
90 77
106 66
36 64
24 27
90 77
106 66
36 64
9 19
24 27
85 42
90 77
15 110
9 19
28 100
85 42
20 5
90 77
56 106
9 19
85 42
20 5
90 77
56 88
36 64
56 106
9 19
85 42
20 5
90 77
28 26
56 88
40 59
9 19
20 5
90 77
56 88
85 22
9 19
28 100
20 5
90 77
56 88
85 22
23 49
9 19
28 100
85 42
50 62
20 5
90 77
56 88
23 49
9 19
28 100
50 62
20 5
90 77
56 88
9 19
28 100
90 77
56 88
106 66
9 19
85 42
39 21
50 62
20 5
90 77
56 88
9 19
39 21
20 5
90 77
73 74
28 67
9 19
85 42
39 21
20 5
90 77
73 74
63 92
56 106
9 19
39 21
90 77
64 92
73 74
36 92
63 92
9 19
20 5
90 77
73 74
36 92
56 88
63 92
56 106
9 19
85 42
20 5
90 77
64 92
29 92
73 74
104 62
104 92
56 106
9 19
26 67
85 42
20 5
90 77
28 26
64 92
73 74
104 62
9 19
85 42
20 5
90 77
64 92
73 74
36 92
104 92
56 106
9 19
53 14
20 5
90 77
73 74
36 92
36 64
104 92
56 106
9 19
53 14
20 5
90 77
64 92
73 74
36 92
56 88
62 92
36 64
104 92
56 106
9 19
36 29
85 42
50 62
20 5
90 77
64 92
12 57
73 74
36 92
56 88
62 92
104 62
36 64
104 92
56 106
9 19
85 42
50 62
20 5
90 77
64 92
73 74
36 92
104 62
56 106
9 19
85 42
50 62
20 5
90 77
64 92
73 74
36 92
104 62
36 64
63 92
56 106
85 42
20 5
90 77
64 92
29 92
36 92
56 88
104 62
36 64
63 92
56 106
85 42
20 5
90 77
64 92
29 92
36 92
104 62
56 106
85 42
20 5
90 77
64 92
56 88
36 29
85 42
50 62
20 5
90 77
56 88
104 62
56 106
50 62
90 77
56 88
56 106
9 19
85 42
90 77
56 88
104 62
85 42
50 62
90 77
104 62
20 5
90 77
104 62
9 19
50 62
90 77
104 62
9 19
50 62
90 77
36 64
56 106
9 19
50 62
90 77
36 29
50 62
90 77
36 29
90 77
104 62
36 29
85 42
90 77
104 62
36 29
85 42
90 77
73 74
104 62
9 19
85 42
90 77
104 62
9 19
90 77
28 26
104 62
85 42
20 5
90 77
104 62
9 19
85 42
20 5
90 77
104 62
85 42
39 21
90 77
104 62
85 42
39 21
50 62
90 77
104 62
9 19
50 62
90 77
9 19
46 38
20 5
90 77
90 77
50 62
20 5
90 77
85 42
90 77
85 42
102 41
20 5
90 77
81 23
85 42
50 62
20 5
90 77
20 5
90 77
85 42
20 5
90 77
122 73
85 42
39 21
20 5
90 77
85 42
20 5
90 77
122 73
50 62
20 5
90 77
98 37
20 5
90 77
56 88
85 42
102 41
20 5
90 77
104 62
122 73
85 42
90 77
122 73
85 42
102 41
20 5
90 77
122 73
85 42
39 21
20 5
90 77
85 42
20 5
90 77
102 41
20 5
90 77
85 42
20 5
90 77
52 13
85 42
90 77
28 26
85 42
90 77
52 13
90 77
85 42
90 77
40 83
85 42
39 21
90 77
98 37
85 42
90 77
64 92
36 92
24 92
81 23
36 64
85 42
90 77
24 92
81 23
85 42
90 77
56 88
85 42
90 77
56 88
15 110
85 42
90 77
28 26
56 88
15 110
85 42
90 77
28 26
15 110
122 73
98 37
85 42
90 77
28 26
15 110
122 73
98 37
90 77
56 88
57 4
15 110
90 77
28 26
90 77
98 37
90 77
28 26
15 110
15 110
98 37
15 110
98 37
39 21
28 26
52 13
98 37
52 13
98 37
52 13
23 25
98 37
85 42
56 88
98 37
85 42
28 26
56 88
9 19
98 37
85 42
15 110
98 37
85 42
90 77
13 42
98 37
13 42
52 13
98 37
73 74
52 13
67 63
98 37
90 77
73 74
52 13
56 88
104 62
20 5
90 77
73 74
56 88
67 63
36 64
20 5
90 77
52 13
98 37
20 5
90 77
28 26
36 64
24 27
98 37
90 77
28 26
36 64
98 37
20 5
90 77
52 13
104 62
36 64
56 106
20 5
90 77
12 57
52 13
56 88
104 62
67 63
20 5
9 10
52 13
56 88
104 62
67 63
104 92
56 106
98 37
28 26
9 10
67 63
56 106
20 5
90 77
28 26
9 10
52 13
56 88
104 62
67 63
98 37
20 5
90 77
9 10
104 62
98 37
20 5
90 77
52 13
56 88
98 37
28 26
52 13
36 92
56 88
104 62
98 37
28 26
36 92
98 37
73 74
56 88
67 108
67 63
98 37
20 5
73 74
56 88
67 108
98 37
20 5
56 88
67 108
98 37
20 5
56 88
104 64
67 108
104 62
98 37
39 21
20 5
56 88
67 108
98 37
39 21
20 5
28 26
56 88
104 62
36 64
98 37
39 21
56 88
104 62
98 37
85 42
39 21
29 92
67 108
104 62
98 37
85 42
39 21
50 62
29 92
67 108
9 19
98 37
85 42
50 62
20 5
29 92
67 108
67 92
9 19
98 37
85 42
20 5
108 92
36 92
67 108
67 92
9 19
98 37
85 42
20 5
108 92
36 92
106 66
9 19
98 37
20 5
36 92
56 88
98 37
36 92
67 108
104 62
28 100
98 37
20 5
90 77
36 92
36 64
28 100
98 37
20 5
85 22
81 23
98 37
20 5
28 26
67 108
85 22
36 64
63 92
24 27
98 37
85 42
20 5
90 77
28 26
67 108
81 23
67 92
24 27
98 37
85 42
90 77
28 26
29 92
56 88
67 108
104 62
81 23
67 92
36 64
63 92
24 27
98 37
85 42
90 77
29 92
56 88
67 108
104 62
81 23
63 92
91 96
98 37
85 42
90 77
28 26
104 62
98 37
45 12
90 77
104 62
98 37
45 12
39 21
90 77
98 37
45 12
90 77
56 88
98 37
90 77
56 88
85 22
98 37
90 77
28 26
56 88
98 37
50 62
90 77
24 27
98 37
50 62
90 77
85 22
98 37
50 62
85 22
98 37
90 77
67 108
85 22
25 100
98 37
20 5
90 77
36 92
67 108
85 22
25 100
104 92
12 4
98 37
50 62
67 108
85 22
25 100
27 62
122 73
24 27
36 29
98 37
50 62
85 22
25 100
122 73
98 37
20 5
25 100
122 73
36 29
98 37
20 5
90 77
28 26
56 88
98 37
20 5
28 26
52 13
56 88
12 4
98 37
104 62
24 27
98 37
20 5
90 77
24 27
98 37
50 62
20 5
90 77
24 27
98 37
20 5
90 77
56 88
24 27
98 37
20 5
90 77
28 26
56 88
36 64
122 73
98 37
20 5
90 77
56 88
36 64
122 73
98 37
90 77
56 88
36 64
36 29
98 37
56 88
67 108
36 29
98 37
20 5
90 77
56 88
67 108
36 29
98 37
20 5
90 77
81 25
56 88
23 58
81 23
36 29
98 37
20 5
90 77
81 25
56 88
36 29
98 37
20 5
90 77
56 88
67 108
36 29
98 37
20 5
90 77
56 88
36 29
98 37
20 5
90 77
56 88
67 108
36 29
98 37
20 5
90 77
56 88
36 29
98 37
20 5
90 77
56 88
49 27
122 73
9 19
36 29
98 37
50 62
20 5
90 77
56 88
106 66
9 19
36 29
98 37
50 62
20 5
90 77
56 88
15 110
23 58
106 66
122 73
98 37
53 14
50 62
90 77