1170 1181
1170 1181
1170 1181
1170 1181
1170 1181
1170 1181
1170 1181
620 669
1170 1181
1170 1181
620 669
620 669
1170 1181
620 669
620 669
620 669
1170 1181
620 1148
620 669
1170 1181
620 669
1170 1181
620 669
620 669
620 669
613 644
669 1148
613 696
620 669
613 644
669 1148
613 696
620 669
613 696
620 669
613 696
669 1148
669 1644
613 620
613 696
620 696
613 620
613 696
852 1651
620 696
669 1148
830 834
613 620
613 696
620 696
613 644
613 620
620 696
620 644
827 834
613 644
827 834
620 696
620 696
613 644
669 1148
620 696
669 1148
620 696
613 644
620 696
613 644
669 1148
620 696
641 1651
620 696
641 669
641 1651
620 696
641 669
1181 1644
620 696
613 644
641 1651
699 1492
620 696
1108 1856
699 1492
620 686
1164 1613
686 696
620 696
813 841
699 1613
613 644
641 1686
620 686
1613 1678
620 696
641 1651
860 864
1644 1651
620 696
641 1651
819 822
860 864
813 841
641 699
620 696
819 822
860 864
813 841
621 1492
613 644
658 696
852 1170
813 841
658 696
609 696
644 654
819 822
810 864
686 696
860 864
686 696
611 699
609 690
860 864
620 669
826 1164
609 690
620 669
600 613
686 696
813 822
699 1164
686 696
620 669
699 1678
699 1164
686 696
609 690
822 841
819 822
620 669
813 841
1108 1667
658 696
860 864
686 696
619 699
641 614
620 669
619 1164
1108 1644
658 696
1164 1645
826 832
1148 1632
813 826
686 696
699 1645
609 658
1190 1613
860 864
1613 1632
1170 1613
1108 1667
635 661
1164 1645
641 695
686 696
619 699
651 696
1170 1613
635 661
686 696
1645 1671
651 696
1601 1667
1660 1662
686 696
609 658
651 696
1181 1645
860 864
620 669
1170 1672
635 661
1181 1662
661 690
860 864
860 864
1108 1601
628 667
1164 1622
1170 1601
635 661
600 613
644 654
600 654
1170 1672
827 834
864 865
1170 1613
1644 1667
860 864
832 834
628 667
603 684
1170 1613
860 864
1492 1613
810 813
860 864
603 684
1170 1613
860 865
603 684
827 834
628 667
603 684
827 834
628 667
603 684
838 841
819 822
628 667
810 813
860 864
603 684
606 638
628 667
1190 1686
603 684
810 813
860 864
603 684
1190 1660
1190 1686
603 684
807 889
628 667
810 860
628 667
810 860
603 684
810 860
603 684
810 860
628 667
616 681
1148 1644
603 684
810 860
1148 1644
603 684
810 860
603 684
810 864
1148 1644
810 860
616 681
628 681
603 684
603 684
600 613
616 681
810 860
628 667
603 684
616 681
1170 1672
1148 1644
810 860
603 684
603 684
616 681
1148 1644
810 860
1148 1644
603 684
1170 1672
1170 1672
603 684
1148 1644
1148 1644
603 684
810 864
616 681
603 684
1144 1644
1492 1613
807 889
616 681
1148 1644
810 860
616 681
1144 1644
603 684
616 681
1144 1644
810 860
807 889
616 681
1144 1644
810 860
807 889
810 860
1144 1644
603 684
810 860
1144 1644
1492 1613
810 860
628 667
603 684
600 613
616 681
810 860
628 667
616 681
603 684
810 860
860 864
1492 1613
603 684
1144 1644
1170 1672
810 860
628 667
1492 1613
603 684
616 681
1144 1644
810 860
616 681
810 860
616 681
1170 1672
810 860
616 681
603 684
810 860
860 864
616 681
603 684
810 860
1144 1644
616 681
1148 1644
810 860
616 681
1170 1672
603 684
810 860
616 681
603 684
810 860
628 667
1492 1613
603 684
616 681
1144 1644
810 860
628 667
603 684
810 860
628 667
1144 1644
616 681
603 684
810 860
628 667
1144 1644
616 681
603 684
810 860
1144 1644
603 684
600 613
616 681
1144 1644
1148 1644
628 667
616 681
600 613
1148 1644
603 684
616 681
603 684
810 860
810 860
1144 1644
1492 1613
603 684
600 613
616 681
1148 1644
810 860
1492 1613
616 681
1148 1644
1492 1613
1148 1644
1144 1644
1492 1613
810 864
628 667
1492 1613
600 613
616 681
1144 1644
827 834
810 860
628 667
1492 1613
600 613
807 889
616 681
1144 1644
628 667
1492 1613
603 684
807 889
616 681
810 860
628 667
1492 1613
616 681
603 684
807 889
613 654
628 681
810 860
1492 1613
810 860
1492 1613
810 860
1492 1613
616 681
603 684
810 860
1492 1613
810 860
616 681
603 684
616 681
1492 1613
603 684
1492 1613
603 684
1148 1644
603 684
807 889
603 684
603 684
616 681
603 684
1492 1613
603 684
603 684
1492 1613
603 684
603 684
616 681
1170 1672
603 684
860 864
616 681
1170 1672
1148 1644
603 684
1492 1613
1148 1644
603 684
1492 1613
1148 1644
603 684
1492 1613
1148 1644
603 684
603 684
616 681
1170 1672
1148 1644
628 667
810 860
603 684
810 860
1148 1644
603 684
1144 1644
1148 1644
603 684
810 860
628 667
1144 1644
603 684
616 681
1144 1644
827 834
1148 1644
628 667
1148 1644
810 860
628 667
603 684
810 860
603 684
616 681
810 860
628 667
603 684
600 613
810 860
1170 1672
603 684
603 684
603 684
807 889
603 684
616 681
600 613
603 684
603 684
603 684
810 860
1148 1644
603 684
628 667
616 681
603 684
810 860
616 681
603 684
810 860
860 864
603 684
810 860
616 681
1601 1667
603 684
810 860
1601 1667
603 684
810 860
628 667
616 681
603 684
810 860
628 667
616 681
1601 1667
603 684
616 681
1170 1672
603 684
603 684
810 860
603 684
810 860
1144 1644
603 684
810 860
1144 1644
827 834
603 684
810 860
1144 1644
616 681
603 684
810 860
1144 1644
616 681
827 834
603 684
810 860
616 681
827 834
603 684
810 860
616 681
1170 1672
603 684
810 860
616 681
1170 1672
603 684
810 860
616 681
603 684
810 860
616 681
603 684
810 860
616 681
827 834
603 684
810 860
827 834
603 684
810 860
616 681
1148 1644
603 684
810 860
1148 1644
603 684
810 860
1492 1613
1601 1667
603 684
616 681
827 834
810 860
616 681
827 834
603 684
810 860
1170 1613
1601 1667
603 684
616 681
827 834
810 860
616 681
603 684
810 860
1601 1613
1601 1613
603 684
616 681
827 834
810 860
603 684
810 860
1601 1613
827 834
603 684
603 684
628 644
810 860
616 681
603 684
810 860
1492 1613
616 683
603 684
613 654
683 692
1144 1644
1148 1644
628 667
1492 1613
600 613
1148 1644
603 684
628 667
1492 1613
1170 1613
1601 1667
603 684
600 613
628 667
1492 1613
1170 1613
603 684
807 889
616 681
1144 1644
810 860
628 667
616 681
603 684
1601 1667
810 860
1601 1667
603 684
600 613
616 681
810 860
628 667
1492 1613
616 683
860 864
603 684
616 681
1144 1644
810 860
1492 1613
616 683
603 684
807 889
616 681
1144 1644
827 834
628 667
616 681
1492 1613
827 834
603 684
1492 1613
1632 1856
807 889
616 681
841 868
810 860
603 684
683 692
860 864
827 834
810 860
1632 1856
860 864
603 684
1144 1644
827 834
810 860
1170 1613
603 684
616 681
860 864
827 834
810 860
1170 1613
603 684
616 681
683 692
827 834
603 684
600 613
1170 1613
616 628
683 692
810 860
603 684
827 834
1144 1644
603 684
1492 1613
1170 1613
603 684
1492 1613
603 684
1170 1613
644 648
1492 1613
1632 1671
1170 1613
603 684
603 684
1170 1613
603 684
644 648
1492 1613
603 684
860 864
1170 1613
1632 1856
603 684
1170 1613
1632 1856
603 684
1170 1613
603 684
1170 1613
616 692
616 681
616 648
1144 1644
860 864
603 684
1144 1644
841 848
1144 1644
603 684
616 692
616 681
807 889
683 692
841 848
807 889
603 684
841 848
603 684
827 834
603 684
841 848
827 834
603 684
807 889
683 692
841 848
603 684
841 848
600 613
600 613
603 684
841 848
603 684
1492 1613
1601 1667
603 684
616 681
841 848
1601 1667
1492 1613
603 684
1170 1613
841 848
1492 1613
603 684
1170 1613
841 848
860 864
1492 1613
1601 1667
603 684
1170 1613
841 848
1492 1613
1170 1613
603 684
841 848
827 834
1492 1613
1170 1613
841 848
827 834
603 684
841 848
827 834
603 684
841 848
827 834
810 860
1492 1613
827 834
603 684
810 860
1492 1613
841 848
810 860
1492 1613
1170 1672
841 848
1170 1613
1492 1613
1170 1613
603 684
827 834
1492 1613
616 681
810 860
1170 1613
1492 1613
603 684
1492 1613
810 860
1492 1613
827 834
1492 1613
1170 1613
1492 1613
1170 1613
810 860
628 667
1492 1613
1170 1613
1190 1686
860 864
1492 1613
1170 1667
1170 1613
616 681
860 864
827 834
1492 1613
827 834
1170 1613
1492 1613
1170 1613
860 864
827 834
1170 1613
603 684
827 834
628 667
1170 1613
860 864
1170 1613
860 864
1170 1672
827 834
628 667
1170 1613
603 684
628 667
1170 1613
827 834
628 667
1190 1686
1170 1613
1190 1686
1492 1613
1170 1613
628 667
1492 1613
827 834
1170 1613
628 667
1492 1613
827 834
1170 1613
1492 1613
603 684
600 613
1170 1613
827 834
1492 1613
603 684
1170 1613
827 834
1170 1613
1632 1856
1170 1613
603 684
603 684
1170 1613
1170 1613
1170 1613
1492 1613
1144 1148
603 684
1170 1613
1144 1662
1170 1613
600 613
683 692
1170 1613
600 613
1492 1613
1170 1613
1492 1613
603 684
1170 1613
1170 1672
810 860
1492 1613
1170 1613
1492 1613
1170 1613
603 684
1170 1672
1492 1613
603 684
860 864
810 860
1170 1613
603 684
1170 1672
810 860
603 684
1170 1613
860 864
1170 1613
860 864
1492 1613
1170 1613
1492 1613
1170 1613
827 834
826 855
1170 1613
683 692
827 834
1492 1613
1170 1613
838 841
616 681
628 667
1492 1613
603 684
1170 1613
860 864
827 834
603 684
1170 1613
1660 1679
860 864
827 834
603 684
1170 1613
860 864
827 834
600 613
603 684
1170 1613
616 681
1660 1679
827 834
603 684
1170 1613
1492 1613
616 681
603 684
1492 1613
1170 1613
1170 1613
603 684
1492 1613
603 684
616 681
683 692
1170 1672
1492 1613
1170 1613
683 692
1170 1613
860 864
1144 1662
1170 1613
603 684
860 864
628 667
1170 1613
860 864
1144 1662
603 684
616 681
860 864
1170 1672
827 834
628 667
628 667
860 864
628 667
860 864
1170 1613
603 684
860 864
810 860
600 613
860 864
628 667
603 684
860 864
807 889
600 613
628 667
1492 1613
860 864
1492 1613
807 889
860 864
810 860
1492 1613
860 864
807 889
1492 1613
600 613
807 889
1492 1613
860 864
1190 1686
1492 1613
600 613
683 692
860 864
810 860
628 667
1492 1613
600 613
683 692
827 834
807 889
1492 1613
843 860
807 889
860 864
827 834
600 613
1170 1613
860 864
827 834
600 613
1170 1613
807 889
616 681
860 864
827 834
600 613
1170 1613
807 889
860 864
827 834
807 889
860 864
1492 1613
807 889
860 864
1492 1613
1170 1613
683 692
860 864
603 684
600 613
1170 1613
860 864
1170 1613
860 864
1632 1856
628 667
616 681
1632 1856
600 613
616 681
600 613
603 684
860 864
1601 1667
600 613
1170 1613
1601 1667
603 684
613 644
616 681
683 692
810 860
628 667
1492 1613
603 684
616 681
603 684
600 613
1601 1667
616 681
628 667
616 681
603 684
1601 1667
683 692
1144 1662
1601 1667
600 613
616 681
683 692
628 667
616 681
603 684
1170 1613
603 684
600 613
616 681
616 681
600 613
683 692
603 684
603 684
683 692
603 684
810 860
1170 1613
1170 1672
603 684
628 667
603 684
683 692
860 864
644 692
603 684
683 692
603 684
810 860
683 692
603 684
1632 1856
603 684
600 613
838 852
827 834
683 692
1632 1856
603 684
807 889
603 684
860 864
1632 1856
807 889
603 684
683 692
1170 1672
600 613
603 684
843 860
648 654
616 681
603 684
860 864
616 681
603 684
616 681
1170 1672
810 860
860 864
616 681
810 860
860 864
1492 1613
603 684
616 681
860 864
1170 1672
810 860
1492 1613
1170 1613
603 684
860 864
1170 1672
616 681
1170 1613
603 684
860 864
827 834
613 628
603 684
1170 1613
613 628
603 684
860 864
1492 1613
664 873
1170 1613
681 692
603 684
616 681
860 864
644 683
1492 1613
1170 1613
600 613
616 681
860 864
644 683
1492 1613
1170 1613
644 683
860 864
603 684
644 683
860 864
1492 1613
1601 1613
603 684
1170 1613
807 889
616 681
644 683
1492 1613
1601 1613
860 864
603 684
1170 1613
807 889
1170 1613
1601 1667
1601 1613
603 684
600 613
1492 1613
1601 1667
1601 1613
603 684
1170 1601
616 692
603 684
1170 1601
860 864
664 873
1601 1613
1170 1601
616 681
1601 1613
603 684
1170 1601
648 654
603 684
1170 1601
1601 1613
1601 1613
1170 1613
603 684
600 613
1601 1667
1601 1613
603 684
827 834
1170 1601
1170 1613
681 692
1601 1613
827 834
1170 1601
1601 1613
600 613
1170 1601
644 683
1601 1667
1601 1613
603 684
1170 1613
664 873
1601 1613
1170 1613
616 692
1660 1679
1170 1601
1492 1613
1601 1613
1170 1613
1492 1613
1170 1613
1601 1613
1170 1601
611 669
1492 1613
1601 1613
616 681
681 692
616 692
616 681
1492 1613
1170 1613
641 699
616 692
1492 1613
1170 1613
628 667
616 692
1492 1613
616 692
1492 1613
843 860
1492 1613
860 864
1492 1613
860 864
1492 1613
860 864
628 667
616 692
1492 1613
1170 1672
860 864
1492 1613
1170 1672
860 864
1492 1613
860 864
860 864
616 692
628 667
860 864
1170 1613
616 692
860 864
1170 1672
628 667
1190 1660
860 864
628 667
616 692
1632 1672
860 864
860 864
1492 1613
600 613
860 864
827 834
644 683
619 689
600 613
616 692
860 864
827 834
644 683
600 613
616 692
860 864
1170 1672
827 834
600 613
616 692
860 864
827 834
600 613
616 692
860 864
1170 1672
860 864
600 613
616 692
664 873
860 864
600 613
616 692
827 834
1170 1613
616 692
616 681
600 613
1170 1672
1170 1613
616 681
616 681
1170 1613
880 887
1170 1613
822 887
1651 1658
880 887
1170 1672
1628 1678
866 880
1170 1613
616 681
1613 1671
683 692
1190 1686
832 834
1170 1672
1658 1686
1190 1672
634 858
1644 1671
860 864
888 890
1108 1671
1170 1190
826 862
1190 1686
813 830
826 858
628 667
646 1678
1644 1856
1190 1686
1632 1644
628 667
831 865
826 858
646 1613
1148 1190
646 1170
1601 1644
1658 1686
888 890
616 681
1144 650
1601 1856
646 1672
1148 1686
1644 1651
683 692
641 685
641 699
646 1170
1601 1644
826 887
1658 1686
888 890
1632 1671
616 681
1601 1658
646 1613
1190 1686
1148 1613
600 613
888 890
1632 1671
616 681
674 1144
628 667
831 865
685 695
600 613
641 699
612 1649
616 681
803 827
616 681
612 678
858 871
615 826
615 684
684 826
621 826
858 871
628 667
827 832
619 689
831 873
621 826
641 699
600 613
819 824
684 826
806 887
858 871
668 826
606 615
832 834
864 865
699 887
619 862
641 887
621 826
641 699
684 826
858 871
827 834
832 834
628 667
831 865
699 887
621 684
817 841
619 862
641 887
621 826
641 699
891 813
612 678
813 817
683 692
830 853
684 826
827 834
832 834
831 865
699 887
621 684
830 832
641 887
600 613
819 849
829 853
858 866
684 826
813 841
813 853
621 826
831 865
699 887
621 684
804 841
641 887
600 613
641 699
829 830
684 826
858 871
621 826
831 865
649 826
619 689
641 887
621 826
684 826
819 849
600 613
858 866
616 681
629 855
831 865
866 871
813 898
684 826
641 699
621 826
880 887
858 866
683 692
829 832
831 865
832 834
817 847
684 826
641 699
621 826
880 887
807 889
817 847
827 832
866 871
621 684
804 841
684 826
641 699
621 826
866 884
880 887
858 866
858 871
669 826
827 832
831 860
619 689
858 884
619 862
621 826
641 699
858 866
860 865
858 871
831 865
831 860
621 684
621 826
684 826
641 699
888 890
804 827
827 832
600 613
827 841
831 865
804 832
831 860
621 684
620 826
858 884
621 826
684 826
641 699
600 613
858 866
858 871
827 841
831 865
628 654
804 832
831 860
827 832
880 887
858 884
621 826
684 826
641 699
621 684
620 691
858 866
866 884
600 613
827 841
804 832
831 860
832 853
858 884
634 858
684 826
641 699
600 613
880 887
807 889
843 865
858 871
858 866
621 826
648 821
817 847
827 832
621 684
827 841
804 841
858 884
827 853
841 853
641 699
621 826
880 887
855 873
843 865
819 853
684 826
858 871
858 866
804 827
648 821
831 865
831 860
866 871
619 689
804 841
858 884
684 826
641 699
804 827
858 866
858 871
832 841
832 853
804 832
827 841
832 834
831 865
831 860
619 689
858 884
669 691
684 826
634 858
866 884
620 691
858 866
858 871
832 834
648 821
628 656
831 860
621 684
830 832
830 834
810 851
866 884
620 691
813 838
858 866
858 871
827 841
832 834
648 821
858 884
831 860
621 684
858 884
830 834
866 884
858 866
813 838
648 821
858 871
810 864
827 841
832 834
830 832
858 884
684 826
832 834
830 834
621 826
866 884
620 691
855 873
858 871
843 865
660 681
880 887
858 866
860 865
827 841
831 865
1492 1678
830 832
831 860
817 847
830 832
634 858
684 826
830 834
621 826
880 887
858 866
858 884
620 691
858 871
827 841
1164 1622
648 821
832 834
619 689
830 834
621 826
880 887
620 1144
691 1144
1144 650
1164 1622
648 821
832 834
619 689
830 832
634 858
621 826
830 834
612 1649
866 884
880 887
858 866
843 865
620 691
858 871
827 841
648 821
858 884
830 832
612 1649
600 613
866 884
813 852
1164 1622
648 821
858 884
866 871
620 691
646 684
646 826
1601 1644
830 834
621 826
621 684
827 841
634 858
858 866
832 834
830 832
600 613
880 887
858 871
600 609
619 1651
648 821
858 884
619 689
620 691
819 853
827 841
629 1170
830 834
629 1672
634 858
684 826
858 866
838 852
689 1181
832 834
600 658
1181 1651
830 834
888 890
880 887
858 866
858 884
860 865
648 821
827 841
819 853
830 832
880 887
619 1651
648 821
858 884
1181 1651
689 1181
620 691
813 838
819 853
689 1651
830 834
619 1181
621 684
634 858
1170 1678
858 866
832 834
830 832
858 871
648 821
1181 1651
689 1181
620 691
827 841
689 1651
810 848
830 834
619 1181
619 862
858 866
609 690
832 834
830 832
686 696
691 1144
684 826
609 644
644 696
648 821
1601 1644
1181 1651
612 1649
620 691
620 1144
827 830
827 832
689 1651
1108 1667
830 834
621 826
888 890
619 862
644 690
858 866
609 690
689 1181
827 834
832 834
866 871
689 1181
689 1651
619 862
1601 1644
1181 1651
612 1649
686 696
620 691
813 827
691 1144
644 690
620 1144
858 866
648 821
832 834
689 1651
612 1649
1601 1644
1181 1651
689 1181
620 691
858 866
819 824
684 826
646 826
620 1144
1164 1622
648 821
648 663
880 887
691 1144
819 822
1164 1622
648 821
866 871
669 1148
1181 1651
689 1181
620 691
620 1144
827 830
827 832
689 1651
1601 1644
641 699
621 826
827 834
621 684
834 860
858 866
654 681
663 696
832 834
838 841
648 663
686 696
691 1144
1164 1622
669 1148
609 613
620 691
620 1144
813 838
646 826
648 696
1601 1644
641 699
644 654
1144 650
858 866
609 690
663 686
663 696
832 834
830 832
1164 1622
620 691
620 1144
669 1686
830 834
1658 1686
1601 1644
641 699
620 677
1144 650
621 684
858 866
609 690
827 843
663 696
832 834
827 832
813 838
838 841
620 650
830 832
684 826
641 699
613 690
621 684
620 691
620 1144
609 690
838 852
689 1651
827 830
1144 650
1164 1622
827 832
613 690
648 651
641 699
612 1649
620 691
620 1144
609 690
880 887
843 860
1164 1622
616 623
827 832
609 690
827 830
830 832
826 1144
620 826
641 699
612 1649
621 684
1144 650
626 698
613 654
684 826
663 696
621 826
1164 1622
635 660
830 832
626 698
858 871
853 871
1164 1622
612 1649
628 654
827 832
623 661
619 1622
613 654
621 684
871 821
600 654
683 692
663 696
832 834
613 648
613 654
1190 1645
1148 1170
663 696
641 699
612 1649
1148 1686
619 1622
1164 1190
663 686
686 696
819 822
626 698
834 836
830 832
1144 1662
1108 1644
830 834
686 696
651 663
663 686
652 656
683 692
1144 1644
858 871
830 836
663 696
834 836
600 613
663 696
612 1649
651 663
663 686
819 822
1144 1644
651 696
815 819
669 1658
600 613
649 1671
686 696
651 663
623 658
612 1649
827 836
826 862
827 830
832 836
651 696
649 1671
827 832
830 836
815 819
832 834
663 686
663 696
834 836
830 832
686 696
651 663
858 871
612 1649
1622 1651
832 836
651 696
609 658
609 661
1148 1686
609 690
663 686
830 836
663 696
834 836
831 860
830 834
641 685
832 836
686 696
832 834
651 663
622 641
663 696
651 696
613 628
834 836
600 613
1632 1856
826 858
880 894
838 841
813 838
651 663
663 686
826 862
838 852
651 696
815 819
663 696
826 830
817 847
1622 1651
838 841
838 852
641 685
888 890
813 838
651 663
663 686
826 830
815 819
651 696
830 836
663 696
832 834
600 613
826 836
609 690
1601 1667
838 852
663 696
641 699
838 841
609 658
651 663
651 696
813 841
600 613
813 838
813 838
838 852
600 613
1148 1686
888 890
1622 1651
651 663
836 855
1190 1686
830 836
827 832
819 821
660 661
888 890
813 838
651 663
1190 1686
830 836
827 834
838 841
827 832
1649 1651
651 663
888 890
1148 1686
813 838
838 852
813 838
1170 1613
651 663
600 613
613 654
838 852
836 855
819 821
1170 1672
830 836
827 834
832 834
838 841
836 860
1108 1667
600 613
888 890
686 696
651 663
827 834
810 860
832 834
826 855
600 613
836 843
1632 1671
836 860
656 681
651 663
683 692
1190 1686
1148 1644
810 860
836 843
836 860
656 681
600 613
888 890
644 667
832 834
810 860
651 663
836 860
888 890
810 865
810 860
651 663
836 860
603 684
832 834
1632 1671
651 663
836 860
832 834
651 663
836 860
832 834
651 663
836 860
810 860
836 843
832 834
651 663
836 860
832 834
651 663
836 860
832 834
651 663
836 860
651 663
836 860
831 865
686 696
860 864
651 663
836 860
686 696
810 865
651 663
686 696
810 865
651 663
836 860
836 860
1190 1686
651 663
860 864
832 834
651 663
836 860
832 834
651 663
836 860
686 696
832 834
651 663
860 864
836 860
651 663
836 860
810 865
651 663
836 860
860 864
651 663
836 860
860 864
836 860
686 696
860 864
860 864
836 860
623 690
836 860
623 690
810 865
860 864
651 663
836 860
651 663
836 860
651 663
836 860
860 864
651 663
860 864
836 860
836 860
860 864
836 860
810 865
860 864
836 860
860 864
651 663
836 860
832 834
810 865
860 864
651 663
836 860
860 864
836 860
832 834
810 865
836 860
832 834
860 864
651 663
836 860
686 696
810 865
836 860
832 834
836 860
860 864
651 663
836 860
860 864
651 663
860 864
860 864
836 860
860 864
651 663
836 860
860 864
651 663
836 860
860 864
836 860
860 864
860 864
1632 1671
860 864
836 860
810 865
860 864
836 860
686 696
810 865
860 864
836 860
1645 1671
1601 1667
663 696
836 860
810 865
860 864
836 860
1645 1671
860 864
832 834
836 860
860 864
836 860
860 864
860 864
836 860
888 890
860 864
836 860
860 864
832 834
860 864
609 643
651 663
836 860
860 864
836 860
686 696
860 864
836 860
860 864
836 860
810 865
860 864
836 860
810 865
860 864
836 860
860 864
832 834
836 860
836 860
810 865
860 864
832 834
836 860
651 663
860 864
832 834
836 860
810 865
860 864
832 834
836 860
860 864
651 663
810 865
832 834
836 860
860 864
603 684
651 663
623 690
836 860
623 690
860 864
860 864
623 690
860 864
1170 1613
836 860
1170 1613
623 690
860 864
1170 1613
686 696
651 663
623 690
860 864
832 834
860 864
1170 1613
651 663
827 834
832 834
1170 1613
860 864
623 690
1170 1613
651 663
623 690
860 864
836 860
603 684
1170 1613
651 663
623 690
860 864
1170 1613
651 663
860 864
1170 1613
1190 1686
860 864
651 663
860 864
1190 1686
860 864
623 690
1190 1686
651 663
623 690
860 864
1190 1686
623 690
860 864
836 860
860 864
603 684
1492 1613
836 860
860 864
836 860
860 864
1492 1613
836 860
603 684
860 864
1492 1613
603 684
1170 1613
651 663
860 864
860 864
1190 1686
651 663
860 864
1492 1613
1601 1667
651 663
860 864
860 864
603 684
860 864
822 888
888 890
1628 1678
860 864
1170 1613
860 864
1492 1613
860 864
1492 1613
1601 1667
651 663
860 864
651 696
1601 1667
860 864
888 890
832 834
1601 1667
651 663
860 864
832 834
1492 1613
860 864
827 834
1492 1613
860 864
1190 1686
832 834
1492 1613
1601 1667
860 864
832 834
1190 1686
1492 1613
1601 1667
603 684
651 663
860 864
827 834
661 663
1170 1613
1601 1667
661 663
686 696
832 834
603 684
603 684
686 696
651 663
686 696
651 663
1170 1613
832 834
623 690
832 834
651 663
651 663
1601 1667
603 684
1492 1613
1601 1667
651 663
827 834
832 834
1601 1667
1170 1613
651 663
623 690
832 834
603 684
1170 1613
860 864
832 834
603 684
651 663
1628 1678
860 864
832 834
1492 1613
1601 1667
686 696
623 690
860 864
1492 1613
1601 1667
603 684
836 860
832 834
1492 1613
651 663
860 864
832 834
1492 1613
1601 1667
860 864
1601 1667
603 684
860 864
1492 1613
1649 1651
860 864
651 663
1601 1667
1492 1613
1601 1667
860 864
1492 1613
860 864
1170 1613
651 663
1170 1613
860 864
1492 1613
651 663
860 864
1492 1613
651 663
860 864
651 663
1649 1651
860 864
1492 1613
860 864
651 663
1170 1613
651 663
651 663
1632 1856
860 864
860 864
1190 1686
651 663
1649 1651
860 864
651 663
651 663
651 663
1649 1651
832 834
651 663
860 864
832 834
1492 1613
651 663
610 661
832 834
651 663
1649 1651
1649 1651
860 864
1170 1613
1649 1651
686 696
827 834
1649 1651
832 834
1649 1651
860 864
1649 1651
860 864
826 855
1649 1651
832 834
651 663
1649 1651
832 834
651 663
832 834
686 696
832 834
651 663
860 864
832 834
651 663
664 836
651 663
833 860
827 858
810 843
686 696
827 868
813 866
634 866
832 834
1170 1613
827 833
830 832
860 864
807 889
827 830
634 866
830 832
860 864
813 841
651 663
686 696
832 862
832 834
651 663
860 864
832 834
832 860
813 860
832 834
1492 1613
813 860
858 866
810 860
830 860
663 686
810 852
832 834
831 860
832 834
831 860
832 834
634 858
831 860
1601 1667
832 834
634 858
831 860
634 858
810 813
810 852
1190 1686
831 860
858 866
858 866
832 834
651 663
832 834
634 866
1492 1613
1601 1667
832 834
810 813
1601 1667
1190 1686
1492 1613
827 832
1170 1613
858 866
1492 1613
827 832
1170 1613
858 866
827 832
634 858
1492 1613
1492 1613
686 696
1170 1613
827 832
1492 1613
1170 1613
634 858
807 889
813 852
858 866
1492 1613
1492 1613
827 832
634 858
686 696
858 866
813 852
827 832
1601 1667
634 858
827 832
858 866
634 858
827 832
1492 1613
634 858
827 832
634 858
827 832
1492 1613
634 858
1601 1667
634 858
1601 1667
634 858
858 866
827 834
1601 1667
634 858
858 866
635 698
1601 1667
634 858
610 661
1632 1671
858 866
827 832
635 698
634 858
1632 1671
832 834
1601 1667
634 858
1632 1671
832 834
1492 1613
827 832
627 635
1632 1671
832 834
827 832
627 635
827 832
1492 1613
627 635
827 832
627 635
627 635
651 663
810 864
651 663
1170 1613
627 635
651 663
1190 1686
651 663
810 867
1632 1671
651 663
810 867
651 663
810 867
832 834
827 832
1601 1667
810 867
827 832
1601 1667
810 867
832 834
827 832
1649 1651
832 834
1601 1667
1649 1651
1601 1667
651 663
827 834
1649 1651
1601 1667
1649 1651
1601 1667
864 867
1649 1651
610 661
651 663
1601 1667
827 834
827 832
1649 1651
651 663
1601 1667
651 663
1649 1651
1601 1667
651 663
627 698
1649 1651
635 698
1649 1651
882 890
827 834
635 698
1649 1651
627 635
1601 1667
1601 1667
627 635
1649 1651
635 698
1649 1651
627 635
651 663
1601 1667
806 890
651 663
635 698
1649 1651
651 663
1649 1651
1649 1651
1601 1667
1632 1671
1601 1667
1649 1651
1632 1671
1492 1613
1601 1667
1632 1671
807 889
651 663
1649 1651
1601 1667
1632 1671
686 696
623 690
651 663
635 698
832 834
686 696
827 832
832 834
827 832
651 663
827 834
832 834
827 832
1601 1667
686 696
832 834
827 832
807 889
651 663
827 834
635 698
1601 1667
827 834
651 663
827 834
1601 1667
827 832
1601 1667
610 661
651 663
827 834
651 663
1601 1667
610 661
810 864
1601 1667
827 834
832 834
827 832
827 834
1601 1667
603 612
827 832
610 661
603 612
827 834
832 834
827 832
1601 1667
603 612
832 834
827 832
832 834
827 832
1492 1613
827 834
832 834
827 832
651 663
827 834
832 834
1492 1613
635 698
1601 1667
603 612
827 834
832 834
827 834
1601 1667
603 612
832 834
827 832
651 663
832 834
1492 1613
832 834
1190 1686
1492 1613
810 867
1492 1613
832 834
1190 1686
1601 1667
1492 1613
603 612
1492 1613
651 663
1492 1613
1492 1613
1492 1613
651 663
864 867
810 867
1492 1613
864 867
1492 1613
864 867
603 612
1492 1613
1492 1613
1492 1613
603 612
810 864
810 867
864 867
603 612
1170 1613
1170 1613
1108 1667
603 612
810 864
1492 1613
1170 1613
603 612
603 612
651 663
651 663
686 696
1492 1613
1492 1613
651 663
1492 1613
603 612
1492 1613
603 612
1492 1613
603 612
1660 1679
1492 1613
603 612
1492 1613
603 612
1492 1613
603 612
1190 1686
1492 1613
603 612
1190 1686
603 612
643 660
603 612
603 612
603 612
651 663
603 612
1632 1671
617 641
651 663
603 612
651 663
603 612
603 612
627 635
686 696
1660 1679
603 612
813 852
813 852
686 696
627 635
651 663
813 852
603 612
627 635
603 612
651 663
651 663
603 612
1660 1679
651 663
1660 1679
686 696
651 663
627 635
627 635
1170 1613
686 696
686 696
855 868
651 663
603 612
686 696
627 635
651 663
686 696
627 635
686 696
627 635
686 696
686 696
1190 1686
635 696
1190 1686
651 663
603 612
1190 1686
651 663
1190 1686
627 635
1492 1613
651 663
1492 1613
686 696
623 635
623 690
651 663
627 635
651 663
807 889
603 612
807 889
1492 1613
651 663
686 696
651 663
651 663
623 627
635 698
663 696
807 889
649 674
677 691
651 663
617 691
663 696
617 620
884 886
611 691
603 621
620 669
606 684
832 834
619 699
620 699
1190 1667
619 699
663 696
615 699
620 669
612 641
832 834
1644 1667
669 699
1678 1679
1628 1678
663 696
1144 1644
620 669
669 699
1190 1679
832 834
619 699
1108 1645
1170 1613
1190 1679
649 663
1628 1678
663 696
620 669
669 1686
1108 1644
609 658
611 649
613 858
620 669
1144 1190
669 1190
1170 1613
620 1190
1144 1644
620 1679
1632 1671
620 1144
669 1686
611 649
1181 1645
1190 1686
620 669
669 1190
1601 1618
1170 1613
1108 1644
620 1644
807 824
620 1190
1644 1651
620 1144
1108 1181
611 649
1181 1645
628 648
620 669
613 866
1144 1181
1108 1667
620 1190
620 1144
611 649
1601 1628
628 648
620 669
669 1190
620 1679
1601 1667
612 678
1190 1679
620 1190
620 1144
669 1686
611 649
1613 1632
1144 1644
620 669
1170 1672
889 892
669 1190
669 1686
1601 1667
1144 1181
620 1190
620 1144
1601 1618
620 669
1170 1672
1644 1660
620 1686
1170 1601
669 1686
1170 1613
620 1644
1660 1662
1645 1667
824 849
1645 1679
1660 1686
880 887
1601 1618
620 1170
1170 1660
1144 1644
620 669
1170 1672
1170 1662
620 1686
1644 1667
612 669
1170 1613
1613 1645
824 849
669 1628
669 1632
612 678
669 1686
880 887
1628 1686
620 669
620 1686
643 654
1181 1645
880 1190
1649 1651
612 678
620 1632
824 849
669 1632
1632 1686
880 887
669 1686
1181 1645
620 669
620 1686
1632 1686
612 678
620 1632
824 849
669 1686
620 669
620 1686
669 1686
620 669
620 1686
1181 1651
620 669
620 669
827 832
628 661
827 834
620 669
1181 1651
827 832
827 834
1181 1651
620 669
620 669
1601 1667
807 849
612 1649
807 849
827 834
807 824
807 849
612 1649
807 849
612 1649
807 849
807 849
807 849
1144 1644
827 832
827 832
807 849
827 834
832 834
827 834
612 1649
612 1649
827 834
832 834
807 849
807 849
654 694
643 694
828 832
643 694
643 694
620 669
620 669
828 834
832 834
832 834
807 849
669 1686
864 868
892 893
864 868
1645 1651
827 834
1645 1651
828 834
827 834
1645 1651
828 834
1645 1651
827 834
1645 1651
627 643
827 834
617 691
617 691
1645 1651
654 661
617 695
654 661
892 896
827 834
1170 1613
1613 1672
1613 1672
654 681
827 834
832 834
643 694
629 1672
827 834
677 1144
669 1686
661 681
654 681
832 834
669 1686
620 669
832 834
669 1686
643 694
669 1686
669 1686
669 1686
643 694
669 1686
827 834
677 1144
643 694
609 658
669 1686
828 834
827 834
669 1686
1660 1662
661 681
677 1144
669 1686
828 834
827 834
669 1686
669 1686
609 690
661 681
827 834
827 834
609 690
643 694
600 628
609 658
643 694
609 690
663 696
827 834
663 696
643 694
828 832
663 696
600 634
643 694
1181 1645
1144 650
827 832
643 694
600 634
1181 1645
1181 1645
643 694
600 634
643 694
832 834
681 692
1181 1658
643 694
643 694
606 619
619 699
1144 650
1181 1658
832 834
617 614
1613 1651
643 694
1144 650
827 832
827 834
615 621
1144 650
832 834
827 834
619 699
1144 650
827 832
1181 1658
606 615
832 834
827 832
827 834
832 834
827 832
827 834
832 834
827 830
827 832
1144 650
620 669
827 834
832 834
832 834
620 669
1181 1658
828 830
619 699
627 635
619 699
620 669
689 699
627 654
681 692
619 699
1170 1613
689 699
1651 1672
619 699
646 1672
1613 1651
1651 1672
646 1672
619 699
1613 1672
1613 1651
689 699
1181 1645
641 685
1613 1651
1181 1645
1613 1672
689 699
684 1651
619 689
689 699
684 1651
641 685
627 635
684 1651
646 684
689 699
643 694
627 635
684 1651
646 684
689 699
643 694
641 685
684 1651
689 699
619 689
689 699
605 685
643 694
689 699
619 689
619 689
689 699
689 699
619 699
684 1651
641 1645
641 1645
689 699
613 698
684 1651
641 1645
689 699
684 1651
605 685
643 694
864 868
689 699
641 684
619 699
1644 1662
641 684
605 685
1644 1662
605 685
641 684
641 1645
619 689
641 684
699 1645
1644 1662
819 886
1644 1662
641 684
641 684
605 615
699 1645
641 1181
641 684
689 1651
1658 1686
689 1651
1170 1672
641 1181
689 1651
1144 1658
689 1651
641 684
620 685
620 685
641 1181
620 685
620 646
641 1181
620 685
641 1181
606 615
689 1651
641 684
620 685
641 1181
689 1651
864 868
1644 1856
689 1651
641 1181
689 1651
641 1181
689 1651
880 887
1164 1644
689 1651
628 648
689 1651
641 684
643 694
620 665
641 689
641 1651
689 1651
641 684
643 694
684 1651
641 1651
689 1651
641 689
641 1651
1181 1672
699 1645
661 681
689 1651
641 684
1181 1672
615 646
641 689
684 1651
699 1645
641 1651
684 689
643 694
641 684
892 893
824 849
641 1651
641 684
892 893
699 1645
623 654
1170 1613
641 684
892 893
699 1645
1170 1613
641 684
892 893
699 1645
1170 1613
892 897
623 654
641 684
1170 1672
623 654
1170 1613
699 1645
1170 1672
1170 1613
623 654
641 684
892 896
1170 1672
661 681
641 684
1632 1671
699 1645
623 654
641 684
1170 1672
1170 1613
623 654
641 684
699 1645
1170 1613
623 654
1170 1672
1170 1613
807 824
620 622
1170 1613
641 684
1170 1672
1170 1613
641 684
643 694
684 1651
699 1645
661 681
803 828
1170 1613
699 1645
1170 1613
623 654
1170 1613
623 654
1170 1613
1170 1613
623 654
1170 1613
1148 1686
684 1651
699 1645
619 699
807 849
623 654
1170 1613
684 1651
699 1645
619 699
623 654
1170 1613
684 1651
619 699
623 654
619 1645
1170 1613
619 699
619 1645
803 824
1170 1613
824 849
1170 1672
803 849
803 824
692 698
824 849
603 691
619 699
807 849
803 849
619 1645
803 824
661 692
824 849
603 665
684 1651
661 681
619 699
803 807
623 654
605 685
803 824
1170 1613
824 849
603 691
605 685
807 849
803 807
803 849
803 824
824 849
603 691
684 1651
619 699
807 849
803 807
803 849
824 849
623 654
661 692
1170 1613
681 692
661 692
643 694
681 692
1170 1613
684 1651
619 699
623 654
1170 1613
643 694
824 849
661 692
619 699
623 654
661 681
1170 1613
619 699
684 1651
1170 1672
643 694
619 699
684 1651
1170 1613
643 694
824 849
1613 1672
623 654
619 1645
824 849
1170 1672
1170 1613
1170 1613
660 681
1170 1613
1632 1645
1170 1613
1632 1645
880 887
864 868
824 849
1170 1613
1632 1645
1170 1613
1632 1645
1170 1613
1170 1613
891 815
684 699
1170 1613
1632 1645
684 699
1170 1672
1170 1613
1170 1613
1170 1613
1170 1613
690 891
1170 1613
682 891
656 682
661 692
619 699
1170 1613
619 684
880 887
1170 1613
660 681
619 699
1170 1613
660 681
619 699
1170 1613
619 699
864 868
1170 1613
684 699
619 699
1170 1672
619 684
1170 1613
643 694
619 699
1170 1672
619 684
1170 1613
627 635
619 699
619 684
627 635
619 699
619 684
684 699
627 635
619 699
619 699
684 699
619 699
619 684
1613 1632
619 699
623 654
619 699
623 654
690 891
690 815
690 891
891 815
660 681
623 654
806 819
690 815
660 681
623 654
1170 1672
623 654
660 681
619 695
660 681
1170 1672
1170 1672
605 699
660 681
619 695
660 681
605 685
619 695
1601 1618
1170 1672
623 654
1170 1613
619 699
1170 1613
623 654
660 681
810 868
660 681
660 681
1632 1671
892 893
892 893
623 654
623 643
643 654
627 635
627 635
623 643
627 635
891 815
627 635
690 815
623 643
1170 1613
1632 1671
1170 1613
623 654
1632 1671
623 654
660 681
623 654
654 692
623 692
635 654
623 692
654 694
860 867
635 694
635 643
635 643
643 694
635 654
643 654
619 684
635 643
635 694
619 684
635 643
684 699
1170 1613
635 643
635 694
1170 1613
1148 1686
635 643
1170 1613
635 643
1170 1613
635 643
623 692
1170 1613
635 643
1170 1613
635 643
1613 1632
620 674
1170 1613
1618 1628
620 669
635 643
1613 1632
620 674
1170 1613
660 681
620 669
810 864
635 643
654 694
1170 1613
623 692
660 681
620 669
635 643
620 674
1170 1613
627 654
1613 1672
635 643
654 694
1170 1613
623 692
620 669
635 643
654 694
1170 1613
623 692
605 695
620 669
635 643
643 654
654 694
620 669
813 860
1170 1613
620 669
1170 1613
635 643
813 860
1170 1613
661 681
813 860
1170 1672
635 643
654 694
1170 1613
813 860
660 681
635 643
830 860
1170 1613
830 860
635 643
830 860
1170 1613
635 643
892 893
1170 1613
623 654
810 868
635 643
830 860
1170 1613
635 643
605 621
1170 1613
1170 1672
1170 1613
635 643
605 621
892 893
690 807
1170 1613
635 643
1170 1613
623 654
635 643
1148 1686
654 692
1170 1613
635 643
1632 1671
1170 1613
627 635
635 643
1170 1613
635 643
810 868
1632 1671
635 643
623 692
1645 1649
810 868
635 643
623 654
635 643
1170 1613
635 643
635 643
838 852
635 643
623 654
660 681
635 643
660 681
635 643
660 681
635 643
1170 1613
660 681
635 643
627 643
1170 1613
660 681
635 643
813 838
660 681
810 868
635 643
813 838
660 681
635 643
851 860
635 643
1632 1671
627 643
803 807
681 683
635 643
813 838
838 852
813 852
635 643
851 860
813 838
838 852
681 683
813 852
635 643
654 694
1170 1672
681 683
654 694
813 852
635 643
1170 1672
813 852
681 683
635 643
1170 1672
813 852
813 852
605 685
1632 1671
1170 1672
623 654
663 696
813 852
875 895
623 654
1644 1660
813 852
654 692
677 650
627 635
623 654
654 692
626 661
663 696
813 852
626 661
681 683
654 692
813 852
681 683
663 696
813 852
644 681
809 884
1628 1667
813 838
605 684
605 621
813 852
605 699
644 658
1628 1667
605 685
629 646
654 692
813 852
663 696
1170 1613
1181 1662
627 635
623 654
813 852
851 862
627 663
623 654
663 696
1628 1667
654 692
621 685
1628 1667
813 838
838 852
681 683
605 685
654 692
813 852
663 696
623 654
627 635
1628 1667
654 692
626 661
663 696
623 654
619 685
654 692
623 654
619 685
627 635
626 661
627 635
1628 1667
1170 1672
674 677
663 696
623 654
643 660
627 635
1628 1667
1181 1645
674 677
663 696
623 654
684 685
641 699
627 635
1628 1667
674 677
663 696
627 635
1628 1667
1170 1613
656 682
627 635
813 838
619 699
858 871
656 698
600 658
1649 1651
600 658
627 635
619 699
646 684
1667 1678
656 682
699 826
674 691
656 682
643 660
627 635
619 826
681 683
619 699
635 643
681 682
1170 1613
674 691
656 682
663 694
699 826
1628 1667
813 838
619 826
681 683
651 692
619 699
1170 1672
682 683
635 643
681 682
1170 1613
663 694
1108 1601
699 826
1628 1667
813 838
619 826
681 683
651 692
619 699
643 651
813 852
623 654
635 643
600 610
1170 1613
682 683
619 699
875 895
663 694
686 696
681 682
619 826
681 683
699 826
651 667
813 852
635 643
600 610
1170 1613
1108 1601
686 696
1628 1667
627 635
681 682
619 699
646 684
627 660
1170 1613
609 822
600 658
609 819
1108 1601
699 826
686 696
681 682
619 826
1108 1628
619 699
627 635
1148 1645
682 683
813 852
858 898
1613 1622
644 682
1170 1613
686 696
682 683
627 635
1148 1622
1613 1671
699 826
619 699
813 841
654 692
813 852
1148 1671
682 683
1148 1622
686 696
681 682
1645 1671
619 699
1148 1632
1148 1645
654 692
813 852
1148 1671
635 643
1170 1613
682 683
828 858
619 699
654 692
1148 1613
609 694
635 643
1613 1632
620 674
888 890
686 696
813 838
838 852
1148 1613
654 692
813 852
674 677
600 610
1613 1660
1170 1613
641 685
603 691
1632 1671
813 838
838 852
638 689
623 654
654 692
813 852
605 685
1170 1613
638 815
603 691
623 654
813 852
838 841
621 685
638 689
654 692
813 852
838 841
638 689
654 692
813 852
635 643
1170 1613
813 852
638 689
635 643
838 852
667 682
838 855
674 677
654 696
681 682
838 852
654 692
813 852
628 667
827 832
620 674
813 855
813 852
617 614
620 614
654 696
832 834
611 649
827 834
638 655
628 667
827 832
620 674
838 852
623 690
654 692
827 834
813 852
827 832
620 674
838 852
623 690
654 692
813 852
827 834
827 832
838 852
813 852
892 893
620 674
834 838
617 614
892 893
620 677
838 852
611 649
674 677
663 696
620 674
665 691
686 696
609 613
654 692
674 677
620 668
827 832
620 674
852 855
610 690
609 613
638 689
681 683
660 681
858 871
674 677
617 655
620 674
851 860
860 862
620 677
668 674
638 689
858 871
1170 1672
674 677
617 655
827 832
620 674
617 614
620 677
609 613
638 689
858 871
1170 1672
813 852
674 677
813 838
617 614
674 677
620 674
609 613
620 677
838 852
638 689
858 871
813 852
827 834
620 674
827 834
620 677
638 689
635 644
674 677
616 635
813 852
620 674
617 614
628 661
609 613
620 677
838 852
674 677
813 852
616 635
620 674
852 855
628 661
620 677
838 852
813 852
620 674
628 661
648 660
620 677
838 852
660 681
813 852
620 674
610 690
648 660
620 677
838 852
638 689
623 690
813 852
674 677
620 674
1170 1613
682 683
617 614
852 855
620 677
838 852
638 689
813 852
674 677
813 838
620 674
852 855
813 855
656 682
617 614
686 696
620 677
674 677
813 852
827 834
620 674
813 855
628 661
813 838
620 677
674 677
813 852
827 832
629 655
852 855
813 855
827 834
620 674
813 838
638 689
660 681
813 852
674 677
617 650
827 832
620 674
620 677
660 681
620 638
628 661
827 834
660 681
628 661
834 855
827 834
660 681
628 661
623 690
1170 1672
623 690
681 682
610 690
681 682
629 655
660 681
609 613
609 613
663 694
858 866
661 690
610 690
681 682
628 661
660 681
827 832
660 681
858 866
616 644
660 681
600 610
858 866
616 644
827 834
858 866
858 866
813 838
838 852
1170 1672
858 866
623 654
610 690
654 692
827 834
610 690
858 866
654 692
858 866
660 681
610 690
654 692
858 866
660 681
610 690
858 866
610 690
610 690
858 866
1148 1686
610 690
1148 1686
654 692
623 654
648 660
623 654
610 690
610 690
648 660
654 692
623 654
663 696
623 654
648 660
654 692
610 690
623 654
610 690
623 654
610 690
623 654
682 683
610 690
609 613
623 654
827 832
609 613
623 654
648 660
623 654
648 660
858 866
623 654
682 683
648 660
623 654
648 660
858 866
610 690
623 654
660 681
648 660
609 613
623 654
623 654
858 866
682 683
648 660
610 690
609 613
623 654
682 683
609 613
623 654
682 683
609 613
682 683
682 683
858 866
609 613
660 681
623 654
663 696
1170 1672
623 654
660 681
609 613
623 654
1170 1672
1170 1672
623 654
682 683
813 852
858 866
623 654
660 681
609 613
623 654
660 681
682 683
827 832
623 654
654 692
623 654
600 610
623 654
660 681
827 832
623 654
648 660
660 681
858 866
827 832
654 692
660 681
623 690
648 660
827 832
654 692
660 681
648 660
827 832
660 681
682 683
648 660
827 832
682 683
648 660
827 832
682 683
682 683
827 832
628 661
682 683
827 832
628 661
682 683
827 832
628 661
682 683
827 832
628 661
623 654
682 683
827 832
654 692
827 832
682 683
628 661
827 832
682 683
628 661
623 690
1170 1672
827 832
682 683
1613 1672
610 690
628 661
623 690
1170 1672
628 661
1170 1672
682 683
623 690
628 661
623 690
1170 1672
623 654
628 661
682 683
1170 1672
827 832
682 683
1170 1672
827 832
623 654
623 654
682 683
610 690
682 683
654 692
623 654
663 696
827 832
682 683
623 690
654 692
1170 1672
623 654
663 696
1170 1672
1170 1613
682 683
1170 1613
682 683
1613 1672
1170 1672
623 654
1170 1613
682 683
609 613
1613 1672
1170 1672
623 654
1170 1613
1613 1672
1170 1672
623 654
663 696
1170 1613
682 683
609 613
1613 1672
1170 1672
663 696
827 832
1170 1613
1613 1672
1170 1672
663 696
827 832
617 614
682 683
1148 1686
1170 1672
682 683
686 696
827 832
682 683
682 683
682 683
682 683
648 660
682 683
606 615
648 660
648 660
827 832
682 683
648 660
827 832
628 661
1170 1613
609 613
628 661
1170 1613
682 683
827 832
1170 1613
682 683
628 661
648 660
682 683
868 873
1170 1613
682 683
868 873
1170 1613
682 683
1170 1613
868 873
648 660
623 690
682 683
868 873
682 683
623 690
1170 1613
682 683
682 683
838 852
1170 1613
681 683
682 683
868 873
1170 1613
682 683
660 681
682 683
1170 1613
682 683
858 866
1170 1613
682 683
682 683
660 681
868 873
1170 1613
682 683
1613 1672
1170 1613
611 655
682 683
660 681
1170 1613
682 683
681 683
682 683
681 682
1170 1613
681 683
682 683
1170 1613
682 683
681 682
681 683
600 610
1613 1672
681 682
681 683
682 683
838 852
682 683
858 866
834 855
660 681
682 683
868 873
628 661
682 683
660 681
628 661
660 681
830 871
682 683
611 655
682 683
628 661
660 681
868 873
830 871
628 661
682 683
858 866
628 661
609 613
1170 1613
682 683
682 683
1170 1613
682 683
609 613
682 683
851 860
663 696
858 866
682 683
830 871
827 832
838 852
682 683
609 613
827 832
682 683
606 615
609 613
827 832
682 683
868 873
1170 1672
628 661
609 613
682 683
1170 1672
838 852
682 683
609 613
682 683
868 873
858 866
628 661
609 613
682 683
609 613
682 683
623 690
838 852
682 683
628 661
648 660
830 871
656 683
611 655
682 683
648 660
838 852
660 681
682 683
838 852
851 860
827 834
682 683
838 852
858 866
609 613
660 681
609 613
682 683
682 683
830 871
609 613
609 613
827 834
682 683
682 683
810 868
628 661
609 613
682 683
609 613
609 613
682 683
838 852
682 683
682 683
682 683
1613 1672
682 683
623 692
609 613
1613 1672
851 860
682 683
1613 1672
609 613
609 613
682 683
1613 1672
682 683
1613 1672
609 613
682 683
609 613
1148 1686
838 852
1613 1672
851 860
682 683
838 852
1148 1686
609 613
660 681
1613 1672
827 834
660 682
838 852
682 683
660 681
682 683
660 681
851 860
682 683
682 683
609 613
838 852
660 682
660 681
830 871
628 661
682 683
616 644
1170 1613
682 683
628 661
660 681
654 692
623 654
851 860
628 661
654 692
682 683
623 654
682 683
628 661
623 654
682 683
628 661
851 860
858 866
654 692
623 654
827 832
682 683
628 661
663 694
851 860
841 862
654 692
623 654
628 661
623 654
682 683
1170 1613
682 683
663 694
609 613
1613 1672
623 654
682 683
628 661
851 860
609 613
1613 1672
1170 1672
623 654
1170 1613
682 683
628 661
663 694
609 613
623 654
606 615
1170 1613
682 683
628 661
663 694
609 613
851 860
623 654
682 683
609 613
654 692
623 654
1170 1686
682 683
654 692
623 654
623 654
682 683
682 683
609 613
838 852
851 860
623 654
682 683
609 613
851 860
623 654
609 613
623 654
682 683
623 690
654 692
682 683
858 866
609 613
623 690
654 692
623 654
682 683
858 866
623 690
654 692
623 654
623 654
616 644
682 683
858 866
623 654
682 683
623 690
858 866
851 860
623 690
682 683
623 654
628 661
682 683
623 690
682 683
1662 1686
623 690
654 692
623 654
827 832
1613 1686
682 683
628 661
623 654
827 832
1613 1686
628 661
682 683
1613 1686
827 832
682 683
663 694
654 692
623 654
1613 1686
827 832
682 683
628 661
663 694
623 654
827 832
660 681
623 654
682 683
1613 1686
827 832
682 683
660 681
623 654
1613 1686
682 683
681 683
623 654
606 615
1613 1686
617 614
1170 1613
682 683
838 852
681 683
851 860
623 654
1613 1686
682 683
1613 1686
827 832
682 683
654 692
623 654
827 832
682 683
654 692
623 654
1613 1686
827 832
682 683
663 694
654 692
623 654
1613 1686
827 832
682 683
623 654
1613 1686
682 683
628 661
838 852
868 873
623 654
1613 1686
827 832
682 683
1613 1686
827 832
685 695
682 683
628 661
609 613
623 654
1613 1686
685 695
682 683
609 613
623 654
1613 1686
623 654
682 683
1613 1686
623 654
682 683
1613 1686
609 613
623 654
682 683
609 613
682 683
838 852
623 654
681 683
682 683
609 613
660 681
623 654
609 613
682 683
655 614
609 613
623 654
682 683
663 696
609 613
1170 1613
682 683
623 654
827 832
609 613
623 654
682 683
629 614
827 832
623 654
682 683
1170 1613
827 832
1170 1613
682 683
623 654
623 654
682 683
1170 1613
858 866
827 832
1170 1613
682 683
858 866
609 613
660 681
654 692
623 654
609 613
1170 1613
660 681
682 683
623 654
628 661
827 832
1170 1613
660 681
682 683
827 832
609 613
682 683
858 866
1170 1613
682 683
838 852
628 661
609 613
654 692
613 663
827 832
609 613
1170 1613
682 683
654 692
654 692
1170 1613
851 860
682 683
858 866
660 681
1170 1613
682 683
623 654
858 866
654 692
623 654
682 683
654 692
682 683
682 683
654 692
682 683
656 682
838 852
654 692
663 696
682 683
656 682
654 692
1170 1672
663 696
1170 1613
682 683
656 682
609 613
1170 1672
663 696
628 661
609 613
682 683
663 696
628 661
609 613
623 654
682 683
663 696
628 661
609 613
1170 1613
682 683
623 654
609 613
682 683
609 613
623 654
682 683
838 852
623 654
682 683
609 613
851 860
682 683
851 860
628 661
609 613
654 692
682 683
628 661
827 832
682 683
654 692
838 852
628 661
682 683
851 860
1170 1672
851 860
628 661
838 852
1170 1672
682 683
660 681
682 683
1170 1672
1170 1672
1170 1613
682 683
660 681
1170 1672
1170 1613
682 683
827 832
609 613
682 683
1170 1672
827 832
609 613
654 692
609 613
682 683
654 692
682 683
610 690
609 613
623 654
610 690
623 690
1613 1662
654 692
827 832
654 692
682 683
682 683
682 683
600 610
827 832
682 683
620 677
600 610
623 654
827 834
682 683
600 610
682 683
600 610
851 860
623 654
682 683
600 610
1613 1672
838 852
623 654
682 683
654 692
623 654
682 683
654 692
682 683
827 832
682 683
600 610
827 832
654 692
623 654
682 683
827 832
660 682
623 654
682 683
623 654
682 683
827 832
654 692
623 654
682 683
827 832
623 654
682 683
682 683
623 654
868 873
682 683
1170 1672
682 683
682 683
660 682
682 683
838 852
682 683
827 832
682 683
1170 1672
682 683
827 832
682 683
682 683
827 832
682 683
827 832
1170 1672
682 683
682 683
1170 1672
682 683
628 661
623 654
682 683
682 683
628 661
838 852
1170 1672
623 654
628 661
623 654
682 683
628 661
623 654
682 683
623 654
682 683
623 654
682 683
682 683
623 654
623 690
682 683
623 654
682 683
623 654
623 690
868 873
682 683
623 654
868 873
623 654
682 683
682 683
868 873
623 654
623 654
682 683
858 866
606 615
623 654
682 683
858 866
606 615
682 683
623 654
682 683
628 661
858 866
623 690
623 654
682 683
623 654
682 683
628 661
686 696
834 855
623 690
623 654
606 615
628 661
606 615
623 654
682 683
686 696
628 661
606 615
623 654
682 683
827 832
682 683
628 661
654 692
623 654
616 644
628 661
623 654
682 683
600 610
682 683
628 661
660 681
606 615
623 654
628 661
827 834
682 683
623 654
609 613
623 654
682 683
827 832
623 654
682 683
600 610
827 832
611 655
682 683
600 610
654 692
623 654
654 692
682 683
827 832
682 683
628 661
663 694
681 682
654 692
623 654
827 832
681 682
663 694
682 683
623 654
628 661
827 832
682 683
623 654
628 661
623 654
682 683
663 696
623 654
682 683
600 610
682 683
623 654
600 610
682 683
609 613
600 610
1170 1672
663 696
623 654
609 613
682 683
623 654
663 696
609 613
682 683
623 654
663 696
623 654
682 683
827 834
1170 1672
623 654
682 683
827 834
623 654
682 683
827 832
663 696
623 654
682 683
660 681
682 683
623 654
660 681
682 683
623 654
617 614
623 654
682 683
623 654
682 683
654 692
623 654
682 683
654 692
623 654
682 683
827 832
654 692
623 654
682 683
686 696
654 692
623 654
682 683
623 654
681 683
682 683
686 696
623 654
682 683
686 696
682 683
623 654
686 696
682 683
623 654
600 610
682 683
682 683
623 654
682 683
681 682
682 683
623 654
623 654
682 683
617 614
682 683
654 692
623 654
682 683
1622 1645
851 860
681 683
660 681
654 692
623 654
851 860
1170 1672
682 683
827 832
851 860
682 683
827 832
851 860
609 613
681 683
682 683
827 834
827 832
851 860
682 683
832 834
616 644
827 832
682 683
663 696
609 613
681 683
851 860
606 615
616 644
827 832
834 871
600 658
610 690
663 696
626 660
827 832
656 682
646 669
858 866
663 696
832 855
600 658
831 860
827 832
851 860
656 682
646 669
858 866
620 677
860 864
609 690
685 691
858 871
654 692
601 681
827 832
635 698
685 695
621 695
646 669
664 860
623 692
644 658
685 691
832 864
609 616
681 683
619 699
663 698
691 695
623 654
886 898
853 860
828 838
860 862
646 669
681 683
605 685
623 654
827 832
826 864
1190 1632
813 828
611 691
685 691
627 628
852 855
685 695
610 683
619 699
691 695
663 696
646 691
886 898
628 661
853 860
686 696
627 696
627 661
860 862
646 669
605 691
658 696
826 867
621 646
623 654
827 832
661 692
658 686
853 862
627 628
601 683
674 691
838 852
663 686
663 696
695 889
617 614
641 699
836 860
860 862
605 691
628 661
836 868
826 867
686 696
853 862
836 857
619 699
628 696
664 864
663 696
658 661
857 860
656 689
628 663
827 833
860 862
628 696
667 847
641 699
686 696
838 852
619 641
603 612
619 699
860 864
691 695
838 855
663 696
852 855
686 696
644 667
627 661
628 696
610 660
603 612
646 684
641 699
838 855
852 855
627 635
622 614
838 852
663 686
619 699
691 614
663 696
686 696
644 667
641 677
1164 1622
628 696
603 612
646 684
617 614
826 873
834 864
838 855
817 849
602 665
609 661
852 855
860 868
692 852
685 699
838 852
663 696
619 685
609 661
620 641
628 696
663 696
617 614
686 696
620 1622
641 677
603 612
692 838
817 849
646 684
681 691
606 615
1164 1622
810 873
615 1108
635 663
628 663
617 1108
635 686
628 696
650 614
686 696
696 817
838 852
838 855
692 838
646 1622
663 696
609 661
617 1108
635 686
628 696
696 817
628 817
826 867
1148 1667
838 852
664 867
668 1108
838 855
663 696
603 612
622 695
609 661
852 855
617 1108
628 696
616 683
1148 1667
838 852
838 855
627 694
603 612
663 696
817 847
1651 1672
609 661
635 696
838 855
813 852
663 696
810 873
609 661
694 898
641 665
602 641
656 681
810 848
694 880
660 894
619 699
663 696
602 665
656 682
1651 1672
609 661
601 849
602 641
605 691
823 893
694 880
660 894
685 691
646 684
663 696
619 691
602 665
641 665
641 665
602 641
656 681
660 894
1148 1667
685 699
621 669
656 660
646 684
663 696
602 665
605 685
661 683
609 613
803 819
656 660
663 696
602 665
661 686
685 695
685 699
609 613
1108 1671
605 685
656 660
605 619
663 696
619 685
685 695
605 691
656 681
605 619
609 613
605 685
685 691
685 699
663 696
619 691
619 685
621 684
656 682
815 898
619 695
656 681
685 699
609 613
605 685
685 691
663 696
619 691
619 685
685 695
602 641
815 898
635 696
685 691
663 696
619 685
621 684
641 665
815 898
602 641
685 699
609 613
663 696
619 685
641 684
621 684
815 898
602 641
635 696
685 699
1108 1671
646 1622
635 686
663 696
602 665
621 684
602 641
646 1622
685 699
685 691
663 696
635 663
621 684
641 665
602 641
635 696
646 1622
663 696
602 641
815 898
686 696
685 699
1108 1671
685 691
663 696
1108 1671
686 696
1108 1667
665 669
685 695
690 815
602 669
685 691
686 696
685 699
635 696
803 819
646 1622
663 696
605 685
621 684
1108 1667
635 696
686 696
685 699
1108 1671
641 665
1108 1667
635 696
686 696
644 667
641 669
635 696
619 699
660 894
635 686
686 696
1144 1662
686 696
1108 1667
665 669
665 669
1108 1667
621 641
660 894
686 696
602 665
1144 1662
621 646
609 613
603 612
663 696
665 669
641 665
609 613
641 646
663 696
817 847
635 663
603 641
1108 1667
609 613
646 665
641 646
641 669
663 696
635 663
603 641
1108 1667
635 696
661 663
660 894
692 894
641 646
817 823
663 696
661 696
609 613
1613 1658
1108 1667
609 613
663 696
660 894
1108 1667
609 613
623 696
623 661
823 847
623 661
686 696
817 847
656 694
609 613
1651 1672
609 613
817 847
623 661
656 694
609 613
623 658
623 658
823 847
1613 1658
817 847
651 661
635 661
609 613
1144 1613
1651 1672
609 613
1651 1672
609 613
1651 1672
656 694
1651 1672
1651 1672
1651 1672
623 651
656 694
656 694
1651 1672
1651 1672
656 694
1651 1672
656 694
1164 1672
656 694
1164 1672
623 651
609 613
1164 1672
1662 1686
681 694
1164 1672
656 681
656 694
1662 1686
609 613
1164 1632
609 613
1662 1686
681 694
1164 1190
609 613
681 694
1190 1632
1190 1632
1190 1632
681 694
1190 1632
1144 1662
623 661
681 694
1190 1632
1190 1632
609 635
1144 1662
609 635
1144 1662
609 635
1144 1662
609 635
609 635
894 898
609 635
623 661
1190 1632
1190 1632
1144 1662
1190 1632
623 661
1613 1672
609 613
623 661
1613 1672
609 613
1190 1686
1613 1672
1148 1686
1181 1672
1144 1613
1144 1632
1148 1686
1181 1672
1148 1686
1190 1632
1144 1662
1190 1632
1148 1686
1181 1672
1148 1632
1148 1190
1148 1686
1190 1686
1148 1686
1190 1651
1190 1651
823 847
1190 1651
1144 1190
1144 1190
1144 1190
1144 1651
1190 1651
1144 1190
1148 1672
1190 1651
1190 1651
609 613
1190 1651
1658 1686
1190 1651
661 690
1190 1651
616 661
1190 1651
616 661
1190 1651
1190 1651
1658 1686
1190 1651
1190 1651
1190 1651
1190 1651
1190 1651
1164 1645
1190 1632
1181 1662
1108 1671
1144 1632
1645 1671
1190 1632
1148 1658
1108 1671
1645 1671
1190 1632
1645 1671
1190 1632
613 654
1108 1671
1108 1671
1108 1671
1108 1671
1108 1671
1108 1671
1658 1686
1148 1658
1108 1671
1148 1658
1148 1658
1658 1686
894 898
1170 1672
1108 1671
894 898
1108 1671
1108 1671
1170 1181
1170 1181
1672 1686
1170 1662
613 690
1181 1672
888 890
888 890
875 882
1108 1671
1108 1671
1645 1671
1651 1672
1651 1672
1651 1672
1651 1672
616 667
1632 1686
1632 1686
1632 1686
1632 1686
1632 1686
1632 1686
882 889
1651 1686
1651 1686
1144 1667
1651 1686
1651 1686
1144 1667
1632 1686
1651 1686
1632 1686
1632 1651
1632 1651
1144 1632
1144 1686
1622 1632
1148 1632
1148 1632
1622 1632
1622 1632
1622 1632
1148 1686
1148 1686
1622 1632
1622 1632
1170 1686
1170 1686
1170 1686
894 898
1170 1622
1170 1686
1622 1632
1170 1622
1622 1632
1170 1686
1622 1686
665 691
602 665
1632 1686
1170 1686
641 684
1622 1686
802 853
634 866
634 831
1622 1632
1632 1686
831 836
1632 1686
1170 1686
1170 1632
1622 1632
831 860
1170 1686
1622 1686
634 866
813 838
838 852
1170 1632
634 871
1622 1632
831 860
1170 1686
646 1632
646 853
634 866
838 852
1622 1632
831 860
615 832
646 1632
634 866
646 1622
606 615
1622 1632
813 838
646 1632
634 866
620 677
646 1622
606 615
1622 1632
669 1190
1170 1686
1632 1651
646 1632
646 1622
669 1190
1632 1651
646 1686
689 827
669 1190
1632 1686
1170 1686
1622 1686
1622 1632
669 1190
1170 1686
1632 1686
691 864
689 827
1622 1632
669 1190
1170 1686
1622 1686
1148 1190
669 1190
1170 1686
1170 1686
1170 1686
677 1190
1144 1190
1651 1686
674 677
669 687
1170 1686
1144 1190
669 687
1170 1686
1144 1190
669 687
1170 1686
1144 1190
674 1144
669 687
669 1190
1170 1686
677 1144
669 1190
1170 1686
687 1190
669 687
669 1190
1170 1686
669 1190
677 1144
669 1190
669 1190
674 1144
669 1190
669 1190
669 1190
669 1190
669 1190
674 1144
669 1190
669 1190
669 1190
669 1190
669 1190
669 1190
669 1190
669 1190
669 1190
669 1190
669 1190
669 1190
669 1190
669 1190
669 1190
669 1190
1170 1686
669 1190
677 1144
669 1190
669 1190
669 1190
669 1190
669 1190
669 1190
669 1190
669 1190
669 1190
669 1190
669 1190
669 1190
669 1190
669 1190
629 669
669 1190
669 1190
669 1190
669 1190
669 1190
669 1190
669 1190
669 1190
669 1190
669 1190
669 1190
669 1190
669 1190
669 1190
669 1190
669 1190
669 1190
669 1190
669 1190
1622 1632
669 1190
1190 1632
669 1190
1190 1632
669 1190
669 1632
669 1190
1190 1632
669 1632
669 1190
1190 1632
669 1632
1190 1632
669 1190
669 1190
821 886
669 1190
669 1190
669 1190
1492 1678
831 860
831 860
831 860
1170 1686
1170 1686