669 1686
669 1686
661 694
661 694
661 694
661 694
827 834
832 834
661 694
895 1678
825 826
827 834
661 694
658 694
661 694
619 1164
656 682
858 884
661 694
623 663
1492 1672
661 694
623 663
1492 1672
623 663
661 694
609 624
605 886
1492 1672
827 834
832 834
661 694
609 624
651 694
1492 1613
623 663
661 694
609 624
1181 1674
648 881
827 834
658 694
836 838
661 694
609 624
807 1662
817 823
661 694
817 823
661 694
611 863
817 823
624 696
663 696
611 863
661 694
624 663
825 826
651 663
817 823
827 834
648 681
661 694
687 689
661 694
1181 1674
648 681
651 663
661 694
883 1658
648 681
654 681
648 681
661 694
654 681
661 694
825 826
661 694
651 663
661 694
1613 1632
651 663
661 694
1492 1613
661 694
1148 1658
651 663
1492 1613
661 694
651 663
661 694
661 694
821 897
661 694
821 890
661 694
661 694
881 897
661 694
1492 1613
661 694
825 826
661 694
825 826
661 694
609 658
651 663
1148 1658
661 694
661 694
661 694
661 694
651 663
661 694
661 694
661 694
661 694
661 694
1181 1645
624 694
661 694
1181 1645
1662 1686
661 694
1181 1645
661 694
1181 1645
661 694
1181 1645
651 663
661 694
1181 1645
1492 1613
661 694
1181 1645
651 663
1492 1613
661 694
1181 1645
651 663
661 694
607 624
1181 1645
651 663
661 694
1181 1645
651 663
1492 1613
661 694
1181 1645
661 694
1181 1645
651 663
1492 1613
661 694
1181 1645
1492 1613
661 694
1181 1645
1492 1613
661 694
1181 1645
1492 1613
661 694
1181 1645
661 694
1181 1645
1492 1613
661 694
1181 1645
661 694
1181 1645
661 694
1181 1645
1492 1613
661 694
825 826
1181 1645
1492 1613
661 694
1181 1645
1492 1613
661 694
1181 1645
1492 1613
661 694
1181 1645
661 694
1181 1645
661 694
1181 1645
661 694
1181 1645
826 841
661 694
1181 1645
661 694
1181 1645
651 663
661 694
1181 1645
1492 1613
661 694
1181 1645
661 694
1181 1645
1492 1613
661 694
1181 1645
826 841
661 694
1181 1645
826 841
661 694
1181 1645
1492 1613
661 694
1181 1645
661 694
1181 1645
1492 1613
661 694
1181 1645
1492 1613
661 694
1181 1645
1492 1613
661 694
1181 1645
651 663
1492 1613
661 694
1181 1645
661 694
1181 1645
1492 1613
661 694
1181 1645
1492 1613
661 694
1181 1645
1148 1658
651 663
1492 1613
661 694
1181 1645
651 663
661 694
1181 1645
807 889
661 694
1181 1645
661 694
1181 1645
1492 1613
661 694
1181 1645
1492 1613
661 694
1181 1645
609 658
661 694
1181 1645
661 694
1181 1645
661 694
1181 1645
661 694
1181 1645
1492 1613
661 694
1181 1645
1492 1613
661 694
1181 1645
1492 1613
661 694
1181 1645
1492 1613
1181 1645
661 694
1181 1645
825 826
651 663
1181 1645
661 694
1181 1645
1148 1658
651 663
1492 1613
661 694
1181 1645
661 694
1181 1645
661 694
1181 1645
661 694
1181 1645
1492 1613
661 694
1181 1645
661 694
1181 1645
661 694
1181 1645
1492 1613
1181 1645
1492 1613
661 694
1181 1645
651 663
1181 1645
661 694
661 694
1181 1645
661 694
1181 1645
661 694
1181 1645
1492 1613
661 694
1181 1645
661 694
1181 1645
661 694
1181 1645
651 663
1492 1613
661 694
1181 1645
651 663
1148 1658
1492 1613
661 694
1181 1645
825 826
1148 1658
661 694
1181 1645
1148 1658
1492 1613
661 694
1181 1645
661 694
1181 1645
661 694
1181 1645
1492 1613
661 694
1181 1645
661 694
1181 1645
661 694
1181 1645
661 694
1181 1645
1492 1613
661 694
1181 1645
1492 1613
661 694
1181 1645
661 694
1181 1645
661 694
1181 1645
661 694
1181 1645
1492 1613
661 694
1181 1645
661 694
1181 1645
661 694
1181 1645
1492 1613
661 694
1181 1645
661 694
1181 1645
681 692
661 694
825 826
651 663
1181 1645
1492 1613
661 694
1181 1645
1492 1613
661 694
624 661
1181 1645
661 694
1181 1645
661 694
1181 1645
1492 1613
661 694
607 624
1181 1645
1492 1613
661 694
607 624
1181 1645
1492 1613
661 694
1181 1645
825 826
1492 1613
661 694
1181 1645
1492 1613
661 694
1181 1645
1492 1613
661 694
1181 1645
1492 1613
683 692
1181 1645
1492 1613
661 694
1181 1645
1492 1613
1181 1645
1492 1613
1181 1645
661 694
1181 1645
1492 1613
661 694
1181 1645
1492 1613
661 694
1181 1645
661 694
1181 1645
661 694
1181 1645
825 826
661 694
1181 1645
1492 1613
661 694
825 826
1181 1645
1492 1613
661 694
825 826
1181 1645
1492 1613
661 694
825 826
1181 1645
825 826
661 694
1181 1645
661 694
1181 1645
1492 1613
661 694
1181 1645
661 694
1181 1645
1492 1613
661 694
1181 1645
825 826
1492 1613
661 694
825 826
651 663
624 661
1181 1645
1492 1613
660 661
661 694
825 826
651 663
1181 1645
1492 1613
661 694
1181 1645
1492 1613
661 694
1181 1645
651 663
1492 1613
661 694
1181 1645
1492 1613
661 694
624 661
1181 1645
661 694
1181 1645
661 694
1181 1645
1492 1613
661 694
1181 1645
1492 1613
661 694
1181 1645
1492 1613
661 694
825 826
1181 1645
1492 1613
651 663
1181 1645
661 694
1181 1645
661 694
1181 1645
651 663
1181 1645
1181 1645
1492 1613
1181 1645
1492 1613
661 694
1181 1645
825 826
1492 1613
825 826
1181 1645
1492 1613
661 694
1181 1645
1492 1613
661 694
825 826
651 663
1181 1645
1492 1613
661 694
1181 1645
651 663
825 826
661 694
1181 1645
825 826
661 694
1181 1645
651 663
825 826
661 694
1181 1645
651 663
825 826
661 694
1181 1645
825 826
661 694
1181 1645
1492 1613
661 694
1181 1645
1492 1613
651 663
1181 1645
651 663
1181 1645
661 694
825 826
1492 1613
1181 1645
1492 1613
661 694
1181 1645
1492 1613
661 694
651 663
1181 1645
661 694
1181 1645
651 663
1492 1613
1181 1645
1492 1613
1181 1645
1492 1613
1181 1645
1492 1613
1181 1645
1492 1613
1181 1645
1181 1645
1492 1613
1181 1645
1492 1613
1181 1645
1492 1613
1181 1645
1181 1645
1181 1645
1181 1645
1181 1645
1181 1645
1492 1613
852 862
1181 1645
1492 1613
1181 1645
1181 1645
1492 1613
1181 1645
1492 1613
1181 1645
1181 1645
825 826
1181 1645
1181 1645
1492 1613
825 826
1181 1645
1492 1613
825 826
1181 1645
1492 1613
1181 1645
1492 1613
1181 1645
1492 1613
1181 1645
1492 1613
1181 1645
1492 1613
1181 1645
1492 1613
1181 1645
1492 1613
851 852
1181 1645
1492 1613
825 826
1181 1645
1492 1613
1181 1645
1492 1613
1181 1645
1492 1613
825 826
1181 1645
1492 1613
1181 1645
1492 1613
1181 1645
1181 1645
825 826
1181 1645
825 826
1181 1645
1181 1645
1492 1613
1181 1645
1492 1613
851 852
1181 1645
1181 1645
1181 1645
1492 1613
1181 1645
1492 1613
1181 1645
1492 1613
1181 1645
1492 1613
1181 1645
1181 1645
1632 1856
1181 1645
1492 1613
1181 1645
1492 1613
1632 1856
1181 1645
1492 1613
1632 1856
1181 1645
1492 1613
1632 1856
1181 1645
1492 1613
1632 1856
1181 1645
1492 1613
1181 1645
1492 1613
1181 1645
1181 1645
1492 1613
1181 1645
851 852
1181 1645
807 889
1181 1645
825 826
1181 1645
1492 1613
825 826
1181 1645
1492 1613
1181 1645
1181 1645
1492 1613
1181 1645
1181 1645
1181 1645
1181 1645
1492 1613
1181 1645
1492 1613
1181 1645
1492 1613
1181 1645
1492 1613
1181 1645
1181 1645
1492 1613
1181 1645
1492 1613
1181 1645
1492 1613
1181 1645
1492 1613
831 869
1181 1645
1492 1613
1181 1645
1492 1613
1181 1645
1613 1672
1181 1645
1613 1672
1492 1613
1181 1645
1613 1672
825 826
1181 1645
1613 1672
1492 1613
825 826
1181 1645
1613 1672
851 853
825 826
1181 1645
1613 1672
851 853
825 826
1181 1645
1613 1672
851 853
825 826
1181 1645
1613 1672
851 853
1181 1645
1613 1672
851 853
1181 1645
1613 1672
851 853
1181 1645
1613 1672
851 853
1181 1645
1613 1672
851 853
1181 1645
1613 1672
851 853
851 852
1632 1671
1613 1672
1181 1645
825 826
851 853
1632 1671
1613 1672
1181 1645
1632 1671
1181 1645
1613 1672
1148 1658
831 869
1181 1645
1613 1672
1190 1686
1181 1645
851 853
1181 1645
1181 1645
1181 1645
1632 1671
1181 1645
1632 1671
825 826
1181 1645
825 826
1148 1658
1181 1645
1632 1671
1190 1686
1181 1645
1613 1672
1190 1686
1181 1645
1613 1672
1190 1686
1492 1613
1181 1645
1613 1672
1492 1613
1181 1645
1613 1672
1492 1613
1181 1645
1613 1672
1492 1613
1181 1645
1632 1671
1632 1671
1613 1672
851 853
851 853
1613 1672
1632 1671
1492 1672
851 852
1613 1672
1181 1645
1632 1671
851 853
851 853
1632 1671
1613 1672
1181 1645
1632 1671
825 826
1181 1645
1613 1672
1148 1658
851 853
1181 1645
1613 1672
851 853
1492 1613
1181 1645
1613 1672
851 853
1181 1645
1181 1645
1613 1672
851 853
1181 1645
1613 1672
851 853
825 826
1181 1645
1613 1672
851 853
1181 1645
1613 1672
851 853
1492 1613
1181 1645
1613 1672
851 853
825 826
1181 1645
1613 1672
851 853
825 826
1492 1672
1613 1672
851 853
825 826
1181 1645
1613 1672
1181 1645
1613 1672
851 853
825 826
1492 1672
1181 1645
1613 1672
851 853
825 826
1492 1672
1181 1645
1613 1672
851 853
1181 1645
1613 1672
1492 1672
825 826
831 869
1181 1645
1613 1672
831 869
1181 1645
851 853
1492 1613
831 869
825 826
1181 1645
1613 1672
851 853
825 826
1181 1645
1613 1672
851 853
825 826
1181 1645
1613 1672
851 853
1181 1645
1613 1672
851 853
1181 1645
851 853
825 826
1181 1645
851 853
1492 1613
825 826
1181 1645
851 853
825 826
1181 1645
1613 1672
851 853
825 826
1181 1645
1613 1672
825 826
1181 1645
1613 1672
1492 1613
825 826
851 853
1181 1645
807 889
1492 1613
1181 1645
1613 1672
851 853
1181 1645
851 853
1181 1645
851 853
1181 1645
851 853
1181 1645
851 853
1492 1613
1181 1645
1181 1645
851 853
1181 1645
807 889
1181 1645
851 853
1181 1645
1613 1672
851 853
1181 1645
851 853
825 826
1181 1645
851 853
825 826
1632 1856
1181 1645
1181 1645
851 853
1181 1645
851 853
1181 1645
851 853
1181 1645
851 853
1181 1645
1181 1645
851 853
1632 1856
1181 1645
1181 1645
825 826
1632 1856
1181 1645
851 853
1632 1856
1181 1645
851 853
825 826
1632 1856
1181 1645
1613 1672
851 853
831 869
1632 1856
1181 1645
1613 1672
851 853
826 855
826 831
1632 1856
1181 1645
826 828
1492 1613
1632 1856
1181 1645
1632 1856
1181 1645
1613 1672
1632 1856
1613 1672
1632 1856
1181 1645
1613 1672
834 836
1632 1856
1181 1645
1613 1672
834 836
1632 1672
1181 1645
834 836
1651 1672
1190 1672
1181 1672
807 889
1190 1686
1170 1672
834 836
1170 1686
1170 1181
1190 1686
1170 1672
826 1651
834 836
1170 1686
826 1181
826 1622
1190 1686
1170 1672
834 836
1144 1629
831 847
1148 1686
1629 1644
1190 1686
1170 1672
834 836
1144 1629
826 1181
1629 1644
1170 1672
834 836
826 1181
1181 1674
1629 1644
826 1674
1170 1672
834 836
826 1181
1144 1644
1181 1674
1629 1644
826 1674
1170 1672
834 836
1144 1629
831 851
1144 1644
1629 1644
826 1674
1170 1672
834 836
828 834
1629 1644
1613 1672
826 1674
1170 1672
834 836
692 862
1629 1644
826 1674
834 836
1144 1629
826 1181
826 1674
1181 1674
663 692
828 834
1144 1644
834 836
648 663
623 683
826 1181
826 1674
616 692
1144 1644
683 692
831 851
667 681
834 836
1144 1629
831 851
826 1181
1144 1644
1629 1644
826 1674
667 681
831 893
831 851
1144 1644
1181 1674
1629 1644
826 1674
1144 1629
834 836
884 1629
826 1181
1144 1644
1181 1674
826 1674
1144 1629
667 681
834 836
831 893
1144 1629
831 851
609 815
826 1674
667 681
834 836
1144 1629
1622 1645
1144 1644
826 1674
600 884
831 851
826 1181
826 1674
1144 1644
1629 1644
1144 1629
600 884
831 851
826 1181
1181 1674
1144 1629
826 1674
636 681
834 836
831 893
1144 1629
1144 1644
1181 1674
1629 1644
1645 1672
826 1674
834 836
600 884
831 893
1144 1629
831 851
826 1181
851 893
1181 1674
1629 1644
814 896
826 1674
834 836
600 884
831 893
1144 1629
826 1181
826 1674
1181 1674
609 636
1144 1644
834 836
836 893
831 893
1144 1629
826 1181
1144 1644
1181 1674
834 836
826 1674
1164 1622
1164 1645
826 1181
609 658
1651 1674
826 1651
836 863
826 1181
1629 1644
1651 1674
836 843
1181 1651
1164 1645
826 1181
1181 1674
826 1674
1144 1601
1651 1674
826 1651
600 884
1672 1678
667 847
826 1181
1181 1674
651 667
826 1674
1144 1601
651 847
817 891
826 1651
600 884
1672 1678
667 847
826 1181
1629 1644
651 667
651 847
654 681
826 1651
600 884
1672 1678
1164 1645
826 1181
826 1674
1672 1678
651 847
628 696
667 847
826 1181
826 1674
1181 1674
651 667
1144 1601
663 696
648 651
1672 1678
826 1181
1181 1674
826 1674
1672 1678
667 847
826 1181
609 658
826 1674
1164 1622
1672 1678
667 847
826 1181
1181 1674
826 1674
1164 1622
869 1672
1672 1678
667 847
826 1181
826 1674
1164 1622
869 1672
1672 1678
667 847
826 1181
1181 1674
828 838
609 658
826 1674
628 847
1164 1622
628 667
1672 1678
826 1678
826 1181
1181 1674
1674 1678
826 1674
663 696
1164 1622
1672 1678
1181 1674
667 847
1164 1622
1672 1678
667 847
1181 1651
1164 1671
1644 1856
1632 1674
884 891
1181 1651
1651 1674
1181 1651
826 869
1613 1629
1613 1672
1170 1672
1651 1674
1649 1651
828 830
1651 1674
1649 1651
831 868
831 869
1651 1674
1649 1651
681 692
613 683
831 868
600 613
666 683
1190 1686
1170 1672
1651 1674
600 683
1649 1651
656 692
1170 1672
1651 1674
1632 1856
656 692
1170 1672
1651 1674
851 853
890 891
683 692
1170 1672
1651 1674
682 683
825 826
616 681
884 889
1170 1672
1651 1674
1170 1672
601 660
656 681
825 826
825 826
648 694
1190 1686
1170 1672
1170 1672
682 683
1190 1686
1170 1672
654 694
1170 1672
1651 1674
1170 1672
1492 1613
627 635
1170 1672
826 863
825 826
616 681
1170 1672
1649 1651
616 681
1170 1672
1492 1613
825 826
654 694
1649 1651
826 863
1649 1651
825 826
616 681
654 694
826 863
825 826
616 681
654 694
683 692
654 694
1492 1613
616 681
654 694
683 692
1492 1613
683 692
654 694
628 667
826 863
825 826
616 681
825 826
654 694
826 863
826 863
825 826
825 826
826 863
618 681
616 681
826 863
825 826
683 692
683 692
628 667
826 863
825 826
616 681
683 692
826 863
825 826
683 692
826 863
825 826
616 681
683 692
616 681
826 863
825 826
616 681
825 826
826 863
628 667
616 681
825 826
826 863
616 681
1645 1671
1645 1671
616 681
825 826
826 863
683 692
825 826
826 863
825 826
652 666
826 863
1632 1671
683 692
616 681
683 692
616 681
616 681
825 826
826 863
683 692
825 826
616 681
1645 1671
1645 1671
1492 1672
616 681
616 681
616 681
1190 1686
683 692
616 681
1170 1672
826 863
825 826
616 681
825 826
1645 1671
826 863
616 681
628 667
826 863
825 826
600 613
616 681
616 681
825 826
826 863
825 826
826 863
825 826
825 826
1492 1672
1632 1856
1632 1856
1645 1671
616 681
683 692
628 667
1492 1672
1492 1672
1645 1671
600 613
1492 1672
1645 1671
1613 1672
616 681
1613 1672
1645 1671
1613 1672
683 692
1613 1672
654 694
683 692
654 694
616 683
616 683
616 683
1613 1672
1613 1672
1613 1672
628 667
831 869
1613 1672
1645 1671
600 613
618 666
825 826
1645 1671
825 826
1645 1671
1645 1671
1645 1671
600 694
600 654
654 694
616 681
1645 1671
618 654
1190 1686
616 654
683 692
616 681
1645 1671
616 681
1645 1671
654 682
616 648
616 681
600 613
825 826
826 863
826 863
825 826
1632 1671
616 681
1645 1671
1645 1671
1645 1671
681 682
1645 1671
683 692
612 678
1645 1671
683 692
1645 1671
683 692
612 678
628 667
616 681
1645 1671
612 678
1645 1671
1492 1672
825 826
1645 1671
683 692
612 678
683 692
612 678
681 692
1645 1671
612 678
681 692
807 897
681 683
612 678
1613 1672
616 681
1613 1672
1492 1672
600 613
1662 1686
1632 1856
612 678
648 681
683 692
1645 1671
654 694
616 681
612 678
1148 1686
825 826
1148 1686
616 681
1645 1671
616 681
683 692
612 678
1662 1686
683 692
612 678
654 694
683 692
1645 1671
654 694
654 694
826 863
654 694
831 869
807 897
831 869
1632 1856
831 869
1148 1686
807 897
825 826
652 666
826 863
600 613
616 681
1164 1679
654 694
825 826
683 692
826 863
654 694
1645 1671
683 692
683 692
683 692
654 694
1645 1671
616 681
654 694
1645 1671
681 692
1645 1671
683 692
831 869
1645 1671
616 681
1645 1671
616 681
1645 1671
616 681
1645 1671
616 681
1645 1671
654 694
1645 1671
1613 1672
1613 1672
1645 1671
683 692
1613 1672
612 678
600 613
831 869
1645 1671
1613 1672
1645 1671
683 692
681 692
681 692
654 694
683 692
807 889
1613 1672
1613 1672
616 681
654 694
612 678
1613 1672
1148 1686
1492 1672
654 694
1662 1686
826 863
825 826
1645 1671
683 692
612 678
654 694
1645 1671
683 692
825 826
612 678
831 869
826 863
654 694
1645 1671
1613 1672
826 863
612 678
831 869
825 826
1645 1671
1613 1672
612 678
831 869
648 682
616 681
654 694
1645 1671
612 678
831 869
616 681
654 694
1645 1671
616 681
1645 1671
612 678
627 635
616 681
1645 1671
1613 1672
616 681
831 869
1645 1671
1632 1856
612 678
616 681
1645 1671
683 692
1613 1672
826 863
612 678
825 826
1645 1671
1613 1672
831 869
616 692
616 681
1645 1671
1613 1672
1645 1671
1613 1672
807 889
612 678
1613 1672
807 889
1613 1672
1492 1672
825 826
600 613
612 678
1613 1672
612 678
1613 1672
600 654
1613 1672
831 869
1613 1672
1632 1856
616 681
1613 1672
616 681
1645 1671
1613 1672
654 694
1613 1672
612 678
616 681
1613 1672
1613 1672
600 654
612 678
683 692
683 692
1645 1671
683 692
612 678
1645 1671
1613 1672
683 692
1613 1672
618 648
612 678
1613 1672
807 897
654 694
1613 1672
612 678
600 654
654 694
1645 1671
683 692
1613 1672
683 692
612 678
1613 1672
612 678
807 897
654 694
1645 1671
683 692
1613 1672
683 692
612 678
1613 1672
612 678
807 897
648 683
600 613
1613 1672
683 692
612 678
1613 1672
612 678
654 694
618 683
616 683
654 694
656 683
1645 1671
612 678
654 694
807 889
1613 1672
612 678
612 678
807 889
681 682
1645 1671
1613 1672
612 678
807 890
807 889
654 694
1645 1671
683 692
1645 1671
683 692
826 863
616 681
1645 1671
825 826
1645 1671
683 692
612 678
681 682
683 692
612 678
683 692
612 678
1613 1672
1613 1629
1613 1672
612 678
654 694
683 692
1613 1629
1613 1672
1645 1671
612 678
1613 1672
1645 1671
831 869
612 678
1613 1672
825 826
600 654
654 694
1645 1671
683 692
1613 1672
612 678
828 830
838 853
853 867
616 681
600 654
1645 1671
1613 1672
830 869
828 830
830 853
841 853
1613 1672
1613 1672
828 834
1645 1671
833 836
828 834
1645 1671
1613 1672
612 678
600 654
828 834
1645 1671
1613 1672
1645 1671
1613 1672
828 834
1645 1671
1613 1672
1170 1672
600 654
1645 1671
612 678
1613 1672
1170 1672
1170 1672
1613 1672
1645 1671
683 692
612 678
1613 1672
612 678
1645 1671
683 692
1613 1672
612 678
1613 1672
1613 1672
1190 1686
600 654
654 694
1645 1671
1613 1672
1190 1686
1645 1671
683 692
612 678
683 692
612 678
1190 1686
1613 1672
1190 1686
1613 1672
1190 1686
683 692
654 694
612 678
1190 1686
612 678
1190 1686
1645 1671
612 678
1645 1671
612 678
654 694
628 667
1645 1671
807 897
1645 1671
807 897
616 681
1645 1671
683 692
612 678
616 681
1645 1671
683 692
612 678
1645 1671
612 678
807 897
612 678
618 666
1645 1671
618 666
616 681
1645 1671
612 678
618 666
1645 1671
683 692
618 666
1645 1671
807 897
618 666
683 692
807 897
616 681
654 694
612 678
1645 1671
612 678
628 667
807 897
1645 1671
628 667
807 897
1645 1671
683 692
612 678
807 897
1645 1671
683 692
612 678
600 654
654 694
1645 1671
612 678
616 681
1645 1671
612 678
683 692
612 678
1645 1671
683 692
612 678
825 857
1645 1671
683 692
612 678
1645 1671
612 678
802 855
1645 1671
1645 1671
683 692
813 825
841 855
616 681
1645 1671
628 667
612 678
841 855
1645 1671
864 868
628 667
841 855
1645 1671
654 694
612 678
654 694
1645 1671
654 694
833 836
616 681
654 694
1645 1671
612 678
616 681
1645 1671
612 678
1645 1671
612 678
612 678
1645 1671
612 678
613 654
1645 1671
612 678
613 654
1645 1671
616 681
1645 1671
612 678
1645 1671
1645 1671
683 692
1645 1671
616 681
1645 1671
616 666
1645 1671
651 663
683 692
817 847
616 681
616 681
1632 1856
616 666
1645 1671
1645 1671
600 613
1645 1671
807 897
1645 1671
807 897
616 681
1645 1671
807 897
1645 1671
1645 1671
616 681
613 654
654 694
1645 1671
1645 1671
654 694
1645 1671
600 654
1645 1671
1645 1671
616 666
600 654
1645 1671
1645 1671
683 692
1662 1686
616 681
1662 1686
666 681
1662 1686
666 681
616 681
666 681
616 681
1645 1671
616 681
1645 1671
1645 1671
1645 1671
654 694
1645 1671
1645 1671
1613 1672
1645 1671
1645 1671
1645 1671
1645 1671
618 666
1645 1671
618 666
618 666
627 635
683 692
618 666
683 692
618 666
683 692
1645 1671
1645 1671
618 666
683 692
616 681
633 654
683 692
1613 1672
1170 1672
1144 1686
1651 1674
601 624
1649 1651
1660 1662
622 638
1170 1613
611 629
683 692
1148 1672
807 890
1148 1672
1658 1672
611 629
1148 1658
817 847
1170 1856
1181 1651
1181 1674
1148 1672
649 1671
609 661
1181 1651
1181 1674
1148 1672
656 891
611 649
682 891
1170 629
1632 1672
817 847
621 1622
636 817
622 638
1181 1651
1181 1674
1190 1632
694 817
636 694
1632 1672
817 847
1170 629
600 817
1144 1190
1181 1674
694 817
636 694
666 817
600 694
611 1671
1651 1674
649 1671
609 613
887 896
823 847
1170 629
1651 1674
633 636
817 847
1651 1672
618 648
1144 1190
601 624
1170 629
817 823
1651 1672
601 624
656 682
1144 1190
636 694
817 847
601 624
609 891
633 896
636 694
636 896
694 896
636 694
609 847
683 692
624 666
817 847
666 847
636 694
683 692
636 694
654 694
683 692
624 891
629 1613
654 694
683 692
654 629
683 692
600 683
628 692
683 692
683 692
628 692
618 683
628 683
629 1613
628 683
654 683
628 683
618 683
628 683
628 692
636 654
628 692
633 692
633 692
655 629
655 629
633 636
654 692
628 692
654 692
654 692
628 692
880 887
880 887
880 887
880 887
880 887
880 887
880 887
880 887
880 887
880 887
880 887
880 887
880 887
880 887
880 887
880 887
628 661
880 887
880 887
880 887
628 648
880 887
628 648
628 692
880 887
880 887
880 887
628 648
880 887
666 689
628 648
613 624
650 691
880 887
666 689
613 624
880 887
613 624
650 691
880 887
628 648
692 698
613 624
1658 1686
650 691
880 887
613 624
1658 1686
650 691
880 887
613 624
1658 1686
650 691
880 887
692 698
613 624
880 887
628 648
613 624
880 887
628 648
618 661
880 887
880 887
880 887
880 887
880 887
880 887
880 887
880 887
628 648
880 887
880 887
880 887
880 887
880 887
610 654
880 887
610 654
880 887
691 695
610 654
880 887
610 654
880 887
610 692
880 887
654 692
880 887
691 695
880 887
1632 1686
880 887
1629 1678
691 695
1632 1686
880 887
627 635
635 648
691 695
1632 1686
691 695
880 887
627 635
880 887
880 887
633 636
880 887
1632 1678
633 636
880 887
691 695
633 636
880 887
880 887
880 887
880 887
1671 1678
880 887
1632 1658
1632 1678
880 887
628 648
691 695
633 636
880 887
1632 1678
880 887
853 855
880 887
635 864
853 855
880 887
627 864
853 855
880 887
880 887
620 691
633 636
880 887
633 636
628 648
1644 1658
880 887
633 636
635 636
855 869
880 887
676 828
633 636
676 828
880 887
628 648
676 828
613 624
880 887
660 681
628 648
1632 1658
689 828
622 638
880 887
660 681
628 648
1632 1658
689 828
880 887
689 834
828 834
1629 1644
628 648
855 869
1632 1658
880 887
628 648
1632 1686
1658 1686
1632 1658
880 887
828 834
1632 1686
1632 1658
689 828
1658 1686
880 887
1632 1686
1644 1671
1658 1686
880 887
1632 1686
1632 1658
1658 1686
880 887
689 834
1632 1686
880 887
603 612
880 887
1632 1658
638 649
880 887
689 834
1632 1658
880 887
1632 1686
1632 1658
880 887
1632 1686
692 698
880 887
633 636
1632 1686
880 887
601 648
830 852
880 887
1632 1686
830 852
880 887
603 612
880 887
626 654
822 849
880 887
603 612
880 887
822 849
880 887
830 831
613 624
830 831
880 887
689 834
613 666
691 695
633 636
880 887
613 624
880 887
830 831
624 666
633 636
880 887
624 666
880 887
830 831
601 628
628 648
691 695
822 849
880 887
830 831
624 666
628 648
822 849
880 887
830 831
649 849
628 648
827 834
880 887
689 834
628 648
676 868
880 887
633 636
633 692
676 868
880 887
603 612
1658 1686
669 1686
650 677
669 1658
880 887
620 677
689 827
1629 1632
880 887
880 887
1632 1674
633 692
689 827
880 887
689 834
633 692
1658 1686
880 887
689 834
1632 1674
628 648
827 834
689 827
880 887
689 834
660 681
827 834
689 827
689 834
827 834
689 827
880 887
880 887
689 834
660 681
603 612
827 834
689 827
1632 1645
880 887
689 834
1632 1674
1622 1674
1645 1674
689 691
1632 1645
880 887
603 612
1632 1674
1622 1632
880 887
633 635
660 681
1632 1674
603 612
827 834
880 887
660 681
628 648
827 834
1622 1674
633 636
628 692
1644 1671
620 691
660 681
880 887
827 834
1632 1674
880 887
620 691
660 681
1632 1674
827 834
880 887
1632 1674
827 834
648 692
627 635
880 887
603 612
1632 1674
827 834
1644 1671
627 635
880 887
628 648
669 1658
633 636
1632 1674
623 692
1644 1671
880 887
618 623
633 654
669 1658
633 636
623 692
1644 1671
880 887
669 1686
649 695
633 636
650 677
1644 1671
880 887
603 612
620 650
649 695
1644 1671
880 887
669 1686
685 689
674 1686
669 674
827 834
674 1658
661 692
880 887
603 612
827 834
1644 1671
880 887
827 834
1644 1671
880 887
685 689
827 834
1644 1671
880 887
1632 1671
827 834
1644 1671
627 635
880 887
620 650
1644 1671
627 635
880 887
1644 1671
600 858
1644 1671
880 887
827 834
633 636
880 887
633 635
603 612
1632 1674
827 834
1622 1674
1622 1632
827 858
1644 1671
627 635
880 887
1632 1674
827 834
1622 1632
600 834
1622 1632
627 635
880 887
1632 1674
827 834
1644 1671
1644 1671
1632 1674
1622 1632
1651 1674
685 695
827 834
1644 1671
1632 1674
1651 1674
1622 1674
1622 1632
886 898
627 635
880 887
1632 1674
827 834
1651 1674
1170 1672
691 695
827 834
880 887
1644 1671
600 858
880 887
691 695
827 834
685 695
831 868
880 887
1632 1674
691 695
827 834
685 695
1622 1645
1644 1671
676 868
1632 1645
880 887
1632 1674
691 695
827 834
1622 1674
1645 1674
685 695
1622 1645
1644 1671
1632 1645
880 887
1632 1674
827 834
1645 1674
685 695
1622 1645
1644 1671
1632 1645
880 887
827 834
1645 1674
1651 1660
880 887
1632 1674
827 834
1645 1674
627 635
880 887
1632 1674
827 834
685 695
1144 1190
880 887
1632 1674
827 834
635 661
1164 1645
627 635
880 887
827 834
1164 1645
880 887
691 695
827 834
884 1632
827 834
1632 1674
676 855
1658 1662
623 692
1658 1686
623 698
1644 1671
1658 1686
694 896
1644 1671
880 887
1662 1686
1662 1686
641 699
685 695
623 692
685 695
695 699
685 695
853 862
695 699
668 1658
695 699
634 866
605 699
618 628
695 699
605 695
605 695
605 621
605 695
605 621
623 692
605 699
605 695
605 621
695 699
605 699
1170 1672
695 699
605 699
1170 1672
605 699
641 699
1170 1672
695 699
605 699
641 699
605 695
695 699
1170 1672
605 699
1170 1672
815 891
815 891
1170 1672
815 891
641 699
695 699
605 699
641 699
605 621
1170 1672
605 699
1170 1672
641 699
605 699
695 699
695 699
641 699
1170 1672
623 628
623 692
1170 1672
605 699
605 699
623 628
1170 1672
605 699
1170 1672
695 699
633 636
815 891
1651 1660
623 628
695 699
605 699
623 628
695 699
1144 1671
623 628
1170 1672
815 891
815 891
815 891
601 628
605 691
685 691
815 891
815 891
605 621
815 891
601 651
601 628
815 891
815 891
851 867
815 891
623 628
623 692
633 636
626 651
815 891
623 692
1164 1170
641 691
623 628
633 636
815 891
1170 1613
1164 1672
815 891
623 692
691 699
1164 1170
641 691
1613 1672
1164 1613
1164 1672
815 891
1164 1170
1613 1672
1170 1672
1164 1672
1164 1170
1170 1672
1164 1672
623 692
1170 1672
803 1632
815 891
623 692
1613 1672
1170 1672
815 891
623 692
815 891
623 692
641 699
623 692
815 891
1164 1645
691 699
623 692
1170 1672
691 699
641 691
641 691
691 699
641 699
691 699
641 691
1613 1672
1170 1672
641 699
1170 1672
601 648
691 699
641 691
636 694
1170 1672
1170 1672
641 699
691 699
641 699
691 699
623 692
641 691
1170 1672
641 699
691 699
641 691
633 694
1170 1672
641 691
1170 1672
1170 1672
1170 1672
628 648
601 628
628 648
1170 1672
1644 1671
628 648
1170 1672
633 636
635 661
1613 1672
628 648
1170 1672
1170 1672
1644 1671
628 648
1644 1671
1613 1672
628 648
1170 1672
1644 1671
1613 1672
1170 1672
1170 1672
1613 1672
1644 1671
676 855
641 691
1613 1672
1170 1672
1170 1672
1644 1671
603 678
641 691
1613 1672
1170 1672
601 628
1613 1672
628 648
1170 1672
601 628
887 896
603 678
1613 1672
1170 1672
1613 1672
628 648
1170 1672
601 628
1613 1672
628 648
1170 1672
1170 1613
691 699
1613 1672
1170 1672
880 896
1613 1672
1170 1672
1170 1613
880 896
1613 1672
1170 1672
1644 1671
1613 1672
628 648
1170 1672
601 628
1613 1672
628 648
1170 1672
601 628
1644 1671
636 694
1613 1672
628 648
1170 1672
601 648
1644 1671
851 869
628 648
601 628
1170 1672
1613 1672
1170 1672
1613 1672
1170 1672
1613 1672
1170 1672
1613 1672
1170 1613
1613 1672
1170 1672
1170 1672
628 648
1613 1672
1613 1672
628 648
636 648
633 694
601 628
601 628
1613 1672
1170 1672
1613 1672
628 648
654 694
880 896
601 628
1170 1672
601 628
1613 1672
628 648
1170 1672
1170 1613
851 866
1613 1672
1170 1672
1170 1613
654 694
880 896
1613 1672
1170 1672
1170 1672
1170 1613
1613 1672
1492 1613
1613 1644
1644 1672
880 896
880 887
1613 1672
880 896
601 628
601 628
1671 1672
880 887
880 896
601 628
1671 1672
626 694
691 699
880 887
880 896
601 628
1671 1672
601 628
621 691
1671 1672
654 694
880 896
654 694
691 699
654 694
1164 1660
654 694
641 691
601 628
1671 1672
636 683
654 694
601 628
1671 1672
654 694
641 691
636 683
1613 1644
636 683
654 694
1613 1644
633 683
636 683
691 699
654 694
641 691
1686 1856
633 683
636 683
654 694
601 628
1671 1672
825 1144
654 694
1613 1671
601 628
641 691
1613 1644
633 683
636 683
825 1144
1181 1645
601 628
1671 1672
1613 1644
633 683
825 1144
683 692
1671 1672
1181 1651
825 1144
1181 1645
628 648
1671 1672
817 847
825 1144
817 847
1671 1672
1181 1651
636 683
1181 1651
825 1144
654 694
817 847
1181 1651
825 1144
1613 1671
1644 1662
1181 1645
636 683
1181 1651
825 1144
1181 1645
825 1144
623 648
1644 1686
1181 1651
1662 1856
636 683
1181 1651
825 1144
623 648
1181 1645
1181 1651
825 1144
1629 1856
1629 1644
633 636
825 1144
1629 1644
1662 1686
817 847
1662 1686
825 1144
1181 1651
601 628
1662 1686
1671 1672
817 847
1662 1686
636 683
636 683
654 694
623 648
636 683
623 648
1164 1686
853 862
601 628
1181 1686
823 847
1651 1686
1651 1662
817 847
853 862
1170 1672
1662 1686
1492 1678
1651 1662
1662 1686
853 862
1170 1672
1492 1678
1492 1667
613 633
623 648
633 692
1170 1672
817 847
654 694
862 863
1170 1672
623 648
1492 1678
817 847
654 694
862 863
628 648
628 683
628 648
633 636
817 847
601 628
692 698
623 658
601 696
600 624
654 694
628 648
633 636
817 847
600 623
654 694
623 658
663 696
633 636
817 847
826 884
600 613
600 623
654 694
600 658
817 847
600 613
628 683
654 694
1632 1674
817 847
641 685
628 683
825 826
654 694
826 836
663 696
648 666
623 692
825 826
654 694
681 807
623 692
654 694
648 666
623 628
628 683
825 826
654 694
648 666
699 1622
636 681
600 613
654 694
660 681
633 681
633 636
817 847
600 658
825 826
654 694
660 681
681 696
648 666
660 681
648 666
600 658
623 692
825 826
654 694
613 623
623 692
654 694
648 666
623 692
600 613
654 694
834 854
827 834
600 613
654 694
660 681
648 666
623 692
600 613
825 826
654 694
660 681
633 636
633 636
648 666
1628 1629
633 636
648 666
633 636
648 666
660 681
648 666
633 636
633 636
648 666
633 636
627 635
648 666
635 661
627 635
633 636
627 661
886 898
825 826
633 636
627 661
886 898
654 694
627 635
638 689
627 661
628 683
654 694
660 681
627 635
638 689
633 648
825 826
660 681
627 635
825 826
627 633
627 635
633 661
825 826
624 661
627 635
660 681
648 666
825 826
627 635
633 636
600 658
627 635
628 683
633 636
825 826
627 635
633 636
853 863
633 636
825 826
627 635
633 636
825 826
633 636
627 635
825 826
628 683
648 666
825 826
1492 1678
825 826
648 666
825 826
624 661
648 666
825 826
1613 1672
1170 1672
648 666
628 683
825 826
624 661
1613 1672
1170 1672
648 666
1181 1651
1181 1674
1672 1674
825 826
624 661
1613 1672
1170 1672
1651 1674
1613 1674
648 666
1651 1672
1181 1674
1672 1674
825 826
1613 1672
1651 1674
648 666
1672 1674
623 692
628 683
825 826
648 666
825 826
1170 1672
1170 1672
607 627
607 627
825 826
654 694
1181 1674
825 826
825 826
628 683
628 683
648 666
825 826
825 826
628 683
825 826
628 683
825 826
628 683
825 826
628 683
633 636
628 683
628 683
825 826
633 636
628 683
628 683
825 826
627 635
648 666
623 692
627 635
628 683
825 826
628 683
825 826
633 636
628 683
1170 1672
633 636
628 683
623 692
628 683
825 826
633 636
623 692
648 666
633 636
628 683
825 826
648 666
628 683
825 826
648 666
648 666
628 683
627 635
628 683
627 635
825 826
648 666
628 683
648 666
633 636
628 683
648 666
623 692
627 635
628 683
825 826
613 661
648 666
633 636
623 692
648 666
633 636
623 692
825 826
613 661
648 666
633 636
623 692
628 683
825 826
648 666
633 636
623 692
602 605
628 683
825 826
623 692
623 692
633 636
623 692
628 683
633 636
623 692
627 635
628 683
633 636
623 692
628 683
627 635
633 636
623 692
627 635
825 826
633 636
627 635
633 636
627 635
648 666
633 636
616 683
613 661
627 635
633 636
627 635
825 826
648 666
633 636
623 692
825 826
633 636
623 692
633 636
623 692
825 826
633 636
620 674
623 692
633 636
620 674
825 826
633 636
628 683
825 826
633 636
620 674
600 658
1662 1686
613 623
633 636
600 658
626 654
825 826
613 623
633 636
825 826
633 636
600 658
825 826
660 681
648 666
633 636
635 696
633 636
600 658
605 622
648 666
633 636
600 658
648 666
633 636
633 636
648 666
633 636
648 666
633 636
628 683
648 666
628 683
648 666
628 683
648 666
648 666
600 613
628 683
648 666
633 636
628 683
825 826
648 666
600 658
628 683
825 826
660 681
600 658
628 683
825 826
628 683
628 683
825 826
627 635
836 843
825 826
628 683
600 658
628 683
825 826
600 658
628 683
825 826
628 683
825 826
648 666
628 683
825 826
853 863
648 666
825 826
648 666
600 658
623 692
628 683
825 826
853 863
825 826
853 863
633 636
623 692
627 635
825 826
627 635
600 658
825 826
627 635
600 658
627 635
628 683
825 826
633 636
628 683
825 826
627 635
633 636
628 683
825 826
627 635
633 636
825 826
627 635
825 826
627 635
633 636
628 683
825 826
660 681
627 635
633 636
623 692
600 613
627 635
633 636
660 681
627 635
633 636
627 635
660 681
633 636
627 635
660 681
836 843
628 683
825 826
627 635
633 636
628 683
654 694
627 635
648 666
627 635
628 683
825 826
654 694
620 650
825 826
654 694
627 635
648 666
654 694
627 635
648 666
623 692
628 683
623 628
627 635
648 666
633 636
623 692
628 683
627 635
648 666
633 636
623 692
825 826
627 635
623 692
825 826
627 635
623 692
825 826
627 635
623 692
627 635
825 826
623 692
627 635
825 826
654 694
655 629
600 658
623 692
627 635
628 683
825 826
600 658
623 692
627 635
825 826
654 694
623 692
627 635
825 826
655 629
600 658
623 692
627 635
655 629
600 658
623 692
616 683
627 635
610 613
600 658
623 692
627 635
654 694
610 613
600 658
623 692
627 635
654 694
623 692
654 694
610 613
623 692
610 613
600 658
623 692
610 613
648 666
600 658
623 692
836 843
623 692
616 683
623 692
616 683
600 658
623 692
616 683
600 658
623 692
648 666
600 658
623 692
825 826
627 635
600 658
825 826
600 658
633 636
623 692
825 826
648 666
633 636
600 658
825 826
633 636
633 636
648 666
633 636
648 666
623 692
635 696
633 636
623 692
628 683
825 826
603 678
648 666
633 636
623 692
603 678
825 826
623 692
603 678
825 826
623 692
616 683
603 678
825 826
623 692
825 826
603 678
623 692
603 678
633 636
623 692
603 678
633 636
623 692
627 635
655 629
627 635
628 683
633 636
603 678
628 683
648 666
628 683
1170 1672
648 666
628 683
655 629
1170 1672
648 666
654 694
628 683
635 696
628 683
600 613
603 678
628 683
623 692
655 629
628 683
654 694
1651 1674
600 613
600 613
648 666
600 613
600 613
648 666
600 613
648 666
1651 1674
628 683
648 666
623 692
628 683
825 826
1651 1674
623 692
628 683
648 666
1492 1678
623 692
648 666
692 698
623 692
1170 1678
603 678
825 826
648 666
1613 1678
616 683
1170 1678
1651 1674
1492 1678
616 683
655 629
692 698
616 683
1492 1678
825 826
692 698
1651 1674
648 666
1170 1672
600 613
623 692
616 683
600 613
616 683
603 678
825 826
648 666
623 692
603 678
623 692
1651 1674
603 678
825 826
603 678
825 826
600 613
603 678
825 826
603 678
603 678
825 826
825 826
603 678
651 667
603 678
623 692
603 678
825 826
648 666
603 678
825 826
651 667
628 683
648 666
651 667
603 678
648 666
623 692
628 683
825 826
654 694
603 678
651 667
623 692
603 678
825 826
654 694
633 636
651 667
603 678
825 826
623 692
633 636
623 692
603 678
627 635
825 826
651 667
633 636
623 692
616 683
603 678
655 629
623 692
600 613
603 678
825 826
623 692
603 678
825 826
628 683
633 636
603 678
825 826
633 636
603 678
825 826
825 826
616 683
603 678
603 678
628 683
633 636
825 826
633 636
603 678
692 698
628 683
825 826
825 826
628 683
825 826
628 683
628 683
825 826
603 678
603 678
825 826
655 629
692 698
628 683
825 826
603 678
623 692
628 683
825 826
620 650
628 683
628 683
651 667
623 692
628 683
635 651
623 692
628 683
825 826
651 667
600 613
628 683
651 667
603 678
648 666
635 651
628 683
825 826
651 667
648 666
600 613
628 683
651 667
648 666
635 651
600 613
628 683
825 826
620 650
600 613
603 678
1662 1686
635 651
628 683
600 613
628 683
635 651
825 826
600 613
628 683
648 666
600 613
628 683
825 826
635 651
648 666
654 658
600 613
628 683
635 651
648 666
635 651
600 613
628 683
648 666
600 613
628 683
600 613
603 678
825 826
600 613
628 683
825 826
853 863
600 613
628 683
825 826
628 683
825 826
628 683
825 826
628 683
825 826
628 683
825 826
610 613
628 683
825 826
623 692
825 826
610 613
623 692
825 826
610 613
623 692
825 826
623 628
610 613
623 692
603 678
825 826
655 629
825 826
603 678
628 683
655 629
825 826
655 629
623 692
825 826
623 692
628 683
825 826
827 828
623 692
825 826
825 826
1148 1181
600 613
623 698
825 826
827 828
620 650
603 678
825 826
603 678
600 613
603 678
600 613
624 661
825 826
624 661
600 613
623 692
623 692
628 683
623 692
603 678
623 692
623 628
825 826
827 828
623 692
623 628
616 683
825 826
623 628
825 826
623 628
616 683
623 628
616 683
623 628
616 683
623 628
623 628
600 613
603 678
635 651
623 628
600 613
616 683
623 628
616 683
692 698
651 667
825 826
600 613
651 667
600 613
603 678
825 826
624 661
651 667
825 826
603 678
1181 1674
825 826
624 661
624 661
1181 1674
1181 1674
624 661
624 661
827 828
1181 1674
624 661
825 826
624 661
620 650
624 661
1651 1674
1181 1674
1181 1674
1181 1674
1181 1674
825 826
1181 1674
1181 1674
825 826
610 613
616 683
1181 1674
1181 1651
1181 1674
628 683
1651 1674
600 613
628 683
655 629
1651 1674
1181 1674
1651 1674
603 678
600 613
1651 1674
660 681
1181 1674
616 683
600 613
660 681
1651 1674
609 660
623 692
600 613
1181 1674
620 650
1170 1672
1170 1613
620 650
1613 1672
1170 1672
1674 1678
620 650
1492 1674
648 666
1492 1678
1672 1678
1672 1674
1181 1674
1651 1674
1651 1672
600 613
1672 1674
1181 1678
1651 1674
1613 1674
1181 1651
1181 1674
1613 1672
1651 1674
1181 1651
1181 1674
1181 1686
1651 1674
1674 1686
1651 1674
600 613
1181 1651
603 678
603 678
1170 1613
603 678
623 628
600 613
628 683
603 678
1170 1672
1651 1674
1613 1672
648 666
1170 1613
623 692
814 881
825 826
1613 1672
1170 1672
620 650
1170 1613
603 678
1170 1672
1170 1613
1613 1672
628 683
1170 1672
603 612
1613 1672
655 629
809 897
825 826
1613 1672
1170 1672
827 828
601 644
628 683
654 694
1613 1672
1170 1672
692 698
809 897
669 691
600 613
628 683
624 661
1613 1672
806 809
669 691
648 683
600 613
634 802
825 826
603 612
651 667
1613 1672
602 691
613 654
624 682
612 691
600 613
825 826
600 654
1613 1672
624 692
826 871
648 698
826 869
661 692
814 869
600 613
615 677
621 699
683 698
636 692
613 698
628 683
1613 1672
806 809
822 864
601 624
624 656
826 827
654 658
600 613
628 683
691 699
636 847
836 843
627 635
692 847
621 699
623 624
822 864
623 698
806 809
623 624
826 827
620 622
1672 1686
667 698
628 683
627 635
828 834
853 863
826 832
891 898
827 828
667 698
834 851
691 699
621 699
806 822
853 863
627 635
806 809
658 661
656 682
809 822
834 841
616 661
621 699
806 809
641 699
661 663
616 658
658 661
667 698
616 663
827 828
627 635
806 822
656 682
809 822
616 661
621 699
633 698
621 641
806 809
663 683
661 663
616 658
1144 1632
667 698
616 663
627 635
806 822
606 621
667 698
814 895
656 682
656 836
809 822
628 648
681 847
627 635
628 683
660 681
806 822
806 809
821 883
685 699
633 681
617 641
650 691
667 698
681 847
641 699
600 613
627 635
685 699
618 696
656 896
633 667
628 681
806 822
806 809
628 847
1144 1632
827 828
648 696
1672 1686
641 699
685 699
600 696
627 635
683 696
1144 1632
635 669
613 618
641 685
641 699
600 613
627 635
685 699
600 696
660 681
633 694
806 822
683 696
600 683
1622 1662
694 834
821 890
656 682
1644 1856
641 699
685 699
660 681
834 847
618 667
827 828
809 897
641 685
883 890
641 699
627 635
685 699
806 822
827 866
809 822
694 696
660 681
883 890
685 699
694 696
600 613
681 698
600 613
694 696
665 691
660 681
691 695
694 696
665 691
618 651
806 809
618 648
694 696
618 651
665 691
691 695
665 695
691 695
694 696
665 691
665 695
618 648
694 696
600 613
665 691
648 661
648 681
661 681
1645 1671
691 695
665 695
694 696
809 822
654 696
654 694
694 681
691 695
681 696
654 681
681 696
654 681
694 696
654 694
694 681
609 661
694 696
809 822
806 809
654 694
694 681
681 696
609 661
681 696
694 696
654 694
694 681
694 696
609 623
600 613
694 681
681 696
613 681
681 696
694 681
694 696
600 613
694 681
654 694
600 696
609 623
600 696
806 822
600 613
809 822
806 822
806 809
609 623
806 822
822 897
609 623
609 623
648 694
609 623
1144 1671
648 694
809 822
1144 1671
648 654
648 654
1144 1671
654 694
1144 1671
654 694
1144 1671
1144 1671
809 897
613 696
613 696
613 696
815 898
815 891
815 891
815 891
815 898
815 891
891 898
815 898
809 822
815 891
815 891
815 891
1144 1190
1144 1190
1144 1190
1144 1190
1144 1190
809 822
809 897
1144 1190
1144 1190
880 887
887 1190
887 1190
822 897
809 897
1644 1856
1628 1644
1628 1856
1628 1856
1628 1667
654 694
654 694
806 822
806 822
806 822
806 822
806 822
880 887
880 887
880 887
880 887
691 695
691 695
603 678
603 665
602 612
830 858
603 665
665 828
1601 1667
602 665
1629 1667
866 868
1492 1678
855 869
855 863
855 863
880 887
674 880
855 863
880 887
854 869
880 887
620 669
669 677