1170 1644
1170 1613
1170 1644
1181 1651
1108 1190
1671 1672
1660 1662
803 849
1144 1644
656 682
1148 1644
1613 1672
656 682
1632 1671
1492 1613
656 682
1632 1671
1148 1644
656 682
1108 1601
1632 1671
626 698
1148 1644
1148 1644
1108 1601
656 682
1632 1671
1148 1644
1632 1671
1632 1671
683 692
610 692
636 643
683 692
1632 1671
654 694
683 692
654 694
1632 1671
654 694
626 698
1632 1671
654 694
1632 1671
654 694
654 694
610 623
683 692
654 694
683 692
636 643
654 694
683 692
654 694
610 623
683 692
654 694
610 623
683 692
1632 1671
654 694
683 692
1632 1671
654 694
683 692
1632 1671
1632 1671
683 692
683 692
683 692
683 692
654 694
683 692
683 692
683 692
683 692
683 692
1632 1671
683 692
683 692
1632 1671
683 692
683 692
683 692
683 692
683 692
654 694
683 692
654 694
683 692
683 692
683 692
636 643
1632 1671
683 692
636 643
683 692
683 692
683 692
683 692
1644 1662
654 694
683 692
1644 1662
654 694
1644 1662
654 694
652 661
683 692
654 694
683 692
683 692
1644 1662
654 694
683 692
654 694
683 692
683 692
654 694
1108 1601
616 661
616 661
613 658
654 694
654 694
658 698
692 698
654 694
613 698
610 658
610 623
654 694
1170 1672
654 694
616 661
654 694
613 658
610 658
616 661
613 658
613 658
1108 1601
613 658
654 694
610 658
654 694
1108 1601
626 698
1170 1672
636 643
626 698
626 698
610 658
626 698
1108 1601
654 694
652 661
626 698
1108 1601
626 698
613 658
1632 1671
654 694
626 698
654 694
654 694
613 658
626 698
652 661
1170 1672
613 658
626 698
652 661
613 658
651 694
626 698
1613 1672
1170 1672
654 694
652 661
613 658
626 698
1613 1629
1613 1672
654 694
626 698
654 694
1492 1613
1164 1657
1632 1671
654 694
1170 1672
613 658
1164 1657
652 661
654 694
652 661
1170 1672
626 698
652 661
1632 1671
626 698
1492 1613
652 661
1622 1657
1190 1658
626 698
1622 1657
1190 1658
683 692
626 698
652 661
1622 1657
626 698
652 661
626 698
652 661
1632 1671
626 698
1632 1671
626 698
1671 1672
1632 1671
626 698
613 658
626 698
1170 1672
626 698
613 658
654 694
1170 1672
613 658
654 694
626 698
1170 1672
626 698
613 658
654 694
654 694
613 658
626 698
1170 1672
1657 1679
613 658
626 698
626 698
652 661
626 698
652 661
626 698
654 694
652 661
654 694
652 661
1170 1672
613 658
652 661
654 694
613 658
626 698
652 661
613 658
683 692
626 698
613 658
654 694
613 658
654 694
1671 1672
654 694
1657 1679
654 694
1657 1679
613 658
654 694
1170 1672
613 658
1657 1679
1170 1672
1657 1679
1108 1613
1657 1679
1108 1601
654 694
1108 1613
1108 1601
613 658
626 698
1657 1679
1651 1674
654 694
1108 1613
626 698
1657 1679
1108 1613
1657 1679
1108 1613
1657 1679
626 698
1108 1613
1657 1679
613 658
1657 1679
613 658
1657 1679
683 692
654 694
613 658
1632 1671
1657 1679
1657 1679
1632 1671
654 694
1108 1613
1632 1671
654 694
654 694
652 661
654 694
652 661
616 652
613 658
654 694
652 661
613 658
654 694
652 661
654 694
654 694
626 698
610 623
654 694
626 698
1632 1671
654 694
1632 1671
651 694
1632 1671
1492 1613
1632 1671
1632 1671
1190 1658
610 658
1144 1662
610 658
1613 1629
610 658
1632 1671
654 694
1660 1679
654 694
1660 1679
1632 1671
654 694
1622 1657
1632 1671
1657 1679
1622 1657
1632 1671
1622 1657
1164 1657
1622 1657
1164 1657
654 694
1622 1657
1657 1679
1164 1657
654 694
1622 1657
654 694
1622 1657
1622 1657
683 692
654 694
1622 1657
1164 1657
654 694
613 658
1622 1657
1164 1657
1622 1657
1164 1657
1622 1657
613 658
1108 1613
1164 1657
1622 1657
613 658
609 690
609 690
1622 1657
1164 1657
1651 1674
600 609
1622 1657
1164 1657
1144 1662
1622 1657
613 658
654 694
1622 1657
613 658
654 694
600 609
609 690
1622 1657
600 609
1144 1662
1622 1657
600 609
1622 1657
600 609
1622 1657
1164 1657
600 609
1622 1657
613 658
600 609
1170 1672
1622 1657
654 694
609 690
1622 1657
654 694
609 690
1144 1662
1622 1657
654 694
609 690
1144 1662
1622 1657
1632 1671
654 694
1622 1657
1108 1601
651 694
609 690
1632 1671
1170 1672
1144 1662
1622 1657
1108 1601
1632 1671
609 690
654 694
652 661
1622 1657
1108 1601
1632 1671
609 690
654 694
613 658
1622 1657
1164 1657
654 694
1144 1662
1622 1657
613 658
1632 1671
609 690
1613 1632
654 694
609 690
1622 1657
654 694
613 658
610 658
609 690
1622 1657
613 658
654 694
609 690
1622 1657
613 658
654 694
609 690
1108 1601
1622 1657
613 658
609 690
1622 1657
1108 1601
654 694
609 690
1622 1657
1108 1601
654 694
609 690
1622 1657
654 694
609 690
1622 1657
1108 1601
636 643
1622 1657
1164 1657
636 643
609 690
1170 1672
654 694
609 690
1622 1657
1164 1657
1649 1657
636 643
1622 1657
1164 1657
636 643
654 694
851 855
636 643
654 694
1622 1657
1164 1657
1632 1671
654 694
841 848
1164 1657
1622 1657
1632 1671
654 694
1622 1657
1164 1657
851 856
841 848
683 692
851 855
654 694
841 848
613 658
1622 1657
841 848
867 868
851 856
683 692
841 848
1164 1657
851 855
1164 1657
1622 1657
1108 1601
610 658
1622 1657
613 658
1108 1601
1632 1671
851 856
841 848
1164 1657
851 855
851 856
613 658
1108 1601
1613 1672
1164 1657
1622 1657
613 658
1164 1657
1108 1601
1632 1671
609 690
683 692
1613 1672
609 690
613 658
1108 1601
1632 1671
1164 1657
1622 1657
1164 1657
613 658
1632 1671
683 692
600 609
1108 1601
1108 1601
1622 1657
683 692
613 658
1164 1657
1108 1601
1622 1657
613 658
1613 1672
613 658
1622 1657
1164 1657
654 694
1622 1657
613 658
1164 1657
609 690
1613 1672
867 868
609 690
1164 1657
1622 1657
613 658
609 690
613 658
1622 1657
1164 1657
1108 1601
1622 1657
1164 1657
613 658
1632 1671
609 690
683 692
609 690
613 658
1622 1657
1108 1601
1632 1671
600 609
1164 1657
1622 1657
867 868
613 658
1622 1657
1164 1657
613 658
1632 1671
609 690
1108 1601
1622 1657
613 658
1164 1657
609 690
1108 1601
867 868
654 694
1622 1657
1108 1601
613 658
609 690
1164 1657
654 694
1622 1657
1164 1657
613 658
1632 1671
609 690
851 855
1190 1658
867 868
609 690
1164 1657
613 658
600 613
1622 1657
613 658
1164 1657
609 690
1108 1601
851 855
1190 1658
1622 1657
1164 1657
613 658
609 690
851 855
1190 1658
609 690
1164 1657
1622 1657
867 868
613 658
1622 1657
1164 1657
1622 1657
867 868
1622 1657
1164 1657
867 868
1622 1657
1164 1657
654 694
1108 1613
1164 1657
1622 1657
867 868
1164 1657
1622 1657
867 868
851 855
851 855
1622 1657
1164 1657
867 868
1622 1657
1164 1657
1632 1671
867 868
654 694
851 855
1622 1657
1164 1657
867 868
609 690
1622 1657
867 868
1622 1657
1632 1671
609 690
867 868
654 694
609 690
1622 1657
867 868
1632 1671
1622 1657
1632 1671
626 698
851 855
867 868
1622 1657
867 868
1632 1671
626 698
1622 1657
867 868
1632 1671
1622 1657
867 868
1632 1671
1622 1657
600 613
1632 1671
600 609
867 868
600 609
1622 1657
867 868
1632 1671
1622 1657
1632 1671
1622 1657
1622 1657
867 868
867 868
600 613
1622 1657
613 658
867 868
600 613
1622 1657
613 658
867 868
600 613
1622 1657
613 658
867 868
1622 1657
600 613
613 658
1613 1672
867 868
1622 1657
613 658
600 613
1649 1657
867 868
1144 1662
1622 1657
600 613
613 658
867 868
1144 1662
1622 1657
613 658
600 613
616 661
867 868
600 613
1622 1657
613 658
654 694
851 855
1622 1657
600 613
867 868
613 658
1622 1657
616 661
600 613
1108 1613
1622 1657
600 613
616 661
1170 1672
1622 1657
613 658
1164 1657
616 661
1170 1672
600 613
1622 1657
613 658
616 661
1164 1657
600 613
1622 1657
616 661
600 613
1164 1657
1170 1672
1671 1672
616 661
1622 1657
1164 1657
1632 1671
616 661
613 658
1164 1657
613 658
1164 1657
1632 1671
616 661
616 661
613 658
1632 1671
654 694
1622 1657
613 658
616 661
1164 1657
654 694
613 658
1164 1657
654 694
600 609
613 658
1164 1657
654 694
1108 1613
1622 1657
613 658
1164 1657
616 661
654 694
1622 1657
613 658
1164 1657
616 661
1170 1672
654 694
1622 1657
1164 1657
613 658
616 661
1170 1672
654 694
1170 1672
1622 1657
613 658
654 694
1622 1657
613 658
1657 1679
1170 1672
654 694
1170 1672
1622 1657
613 658
654 694
1622 1657
613 658
654 694
1170 1672
1622 1657
613 658
654 694
1622 1657
613 658
654 694
1622 1657
613 658
1622 1657
613 658
1622 1657
613 658
654 694
1622 1657
613 658
610 623
867 868
654 694
1622 1657
613 658
654 694
1622 1657
613 658
654 694
1170 1672
1622 1657
613 658
1170 1672
1622 1657
654 694
1170 1672
1622 1657
683 692
654 694
867 868
1622 1657
683 692
654 694
1622 1657
683 692
1622 1657
683 692
851 855
867 868
654 694
600 609
1622 1657
867 868
1618 1629
1622 1657
867 868
1622 1657
867 868
683 692
1622 1657
613 658
867 868
1622 1657
1164 1657
613 658
683 692
867 868
654 694
1622 1657
613 658
1164 1657
867 868
654 694
1622 1657
613 658
1164 1657
867 868
654 694
1622 1657
613 658
1164 1657
683 692
867 868
654 694
1622 1657
1164 1657
613 658
609 690
683 692
867 868
654 694
1622 1657
613 658
1164 1657
683 692
867 868
654 694
1622 1657
1164 1657
613 658
683 692
851 855
867 868
654 694
1622 1657
1164 1657
683 692
867 868
654 694
1622 1657
613 658
1164 1657
609 690
867 868
654 694
1622 1657
613 658
1164 1657
609 690
654 694
867 868
1622 1657
1164 1657
1622 1657
1164 1657
1164 1657
1622 1657
867 868
1622 1651
1622 1657
1164 1657
1622 1657
1144 1148
1148 1181
1164 1657
609 690
609 690
1622 1657
867 868
609 690
867 868
1622 1657
1164 1657
609 690
1622 1657
1164 1657
1622 1657
1164 1657
636 643
600 609
1164 1657
1622 1657
616 661
1164 1657
664 867
600 609
613 658
1164 1657
616 661
664 867
600 609
1622 1657
1164 1657
613 658
616 661
1622 1657
616 661
613 658
1164 1657
851 855
1190 1658
1622 1657
1164 1657
613 658
616 661
609 690
1622 1657
613 658
1164 1657
609 690
1622 1657
613 658
616 661
609 690
609 690
616 661
1622 1657
613 658
1622 1657
1164 1657
613 658
616 661
609 690
1622 1657
616 661
613 658
609 690
1651 1657
1649 1657
652 683
1170 1672
1622 1657
1164 1657
616 661
636 643
609 690
1622 1657
616 661
1164 1657
636 643
609 690
652 683
1622 1657
616 661
1632 1671
609 690
609 690
613 658
616 661
1622 1657
616 661
613 658
609 690
851 855
1622 1657
613 658
1164 1657
616 661
609 690
600 609
1170 1672
1622 1657
616 661
613 658
1170 1672
1622 1657
613 658
616 661
1632 1671
1164 1657
1170 1672
613 658
1164 1657
1632 1671
1170 1672
652 683
1622 1657
613 658
613 658
1164 1657
1190 1658
613 658
609 690
1622 1657
609 690
1622 1657
1632 1671
609 690
683 692
1632 1671
1632 1671
683 692
1170 1672
1651 1674
1190 1658
1181 1674
1622 1657
1181 1651
1164 1657
1651 1674
1651 1674
1164 1657
1181 1651
1622 1657
1181 1651
613 658
1164 1657
683 692
1170 1672
1651 1674
1170 1632
1622 1657
1108 1667
616 661
1164 1657
1170 1671
683 692
1657 1679
1170 1672
1651 1674
1622 1657
1108 1667
1181 1651
616 661
1164 1657
1170 1671
1622 1657
1108 1667
1164 1657
1170 1672
1622 1657
1622 1645
1164 1657
1660 1679
1649 1651
1657 1679
1651 1674
1108 1645
1622 1657
1108 1622
1622 1645
1108 1144
1144 1190
1190 1632
1144 1657
1651 1657
1181 1622
652 683
1645 1657
1181 1657
1651 1674
1649 1651
1632 1667
1181 1645
1108 1657
1108 1622
1622 1645
1108 1144
1164 1645
613 658
1181 1674
652 683
1164 1657
1622 1657
1164 1657
613 658
1190 1632
616 661
1144 1613
1645 1657
1651 1674
1164 1622
616 623
1622 1657
1190 1671
1660 1662
1622 1645
1108 1144
613 658
1667 1674
1181 1651
616 661
1190 1632
1108 1632
1190 1667
1148 1679
683 692
652 683
1645 1657
1651 1674
1622 1657
1108 1657
1660 1662
1622 1645
1645 1657
616 661
1190 1632
1108 1644
1651 1657
683 692
1190 1671
1108 1667
1622 1657
1108 1667
1181 1651
1645 1657
616 661
1190 1632
652 683
1144 1644
692 698
1622 1657
1492 1657
1108 1667
1181 1651
1645 1657
1108 1144
613 658
1181 1674
616 661
1613 1649
1144 1667
1651 1674
1492 1645
1622 1657
1108 1667
1181 1651
616 661
1108 1144
613 658
1181 1674
636 643
1144 1644
1108 1644
1181 1613
1645 1657
1651 1674
1613 1674
1622 1657
1492 1657
1108 1667
1181 1651
1601 1613
1645 1657
1108 1144
616 661
1181 1674
636 643
1144 1667
1108 1644
1164 1657
1144 1644
1651 1674
654 694
1622 1657
1108 1667
1622 1645
1181 1651
1645 1657
1108 1144
616 661
1181 1674
636 643
610 623
1651 1674
867 868
654 694
1622 1657
1622 1645
1108 1667
1108 1144
1645 1657
1181 1651
616 661
1181 1674
636 643
683 692
652 683
610 623
1651 1674
654 694
1622 1657
1108 1667
1622 1645
1108 1144
1645 1657
610 683
623 683
1108 1644
683 692
658 683
654 694
1622 1657
1108 1644
1622 1645
1108 1667
1108 1144
1645 1657
830 834
610 683
610 692
690 692
610 658
683 692
1651 1674
654 694
658 683
658 692
601 823
1622 1657
1108 1144
616 683
1651 1674
651 683
1181 1651
1645 1657
654 658
658 692
610 623
623 654
610 654
643 667
1108 1644
1108 1667
830 834
658 690
610 658
1181 1674
643 683
1492 1651
1622 1657
1108 1644
1108 1667
1108 1144
1645 1657
616 683
1181 1651
1181 1674
616 692
1144 1667
1144 1644
1651 1674
1644 1667
1622 1657
1108 1644
1108 1667
1645 1657
616 683
1108 1144
600 634
616 692
1622 1645
1144 1644
803 849
654 694
1622 1657
894 896
1108 1144
616 683
1651 1674
1164 1622
1108 1667
1622 1645
1181 1651
1645 1657
841 849
851 853
1108 1644
609 652
1181 1674
600 634
616 692
654 694
1622 1657
894 896
1108 1144
616 683
1170 1613
1629 1644
1108 1644
1651 1674
1164 1622
1181 1651
1645 1657
643 892
849 868
841 864
882 886
1108 1667
882 896
1181 1674
616 692
609 690
864 868
803 849
1622 1657
1144 1629
1108 1144
855 873
1108 1629
1629 1644
1651 1674
821 882
1164 1622
1622 1645
1645 1657
636 892
1144 1644
1108 1644
1108 1667
1629 1667
1181 1674
841 855
864 868
1622 1657
1144 1629
1108 1144
855 873
1108 1629
1629 1644
644 696
1622 1645
636 892
623 683
1651 1657
1108 1644
1108 1667
826 868
683 847
610 613
821 894
868 873
1181 1674
1492 1651
864 868
1622 1657
623 692
686 696
1108 1629
1629 1644
644 696
1164 1622
1181 1651
1645 1657
1108 1144
1651 1657
1108 1644
1108 1667
683 847
893 896
1492 1651
1629 1667
1181 1657
803 849
1629 1644
1108 1644
1181 1651
1645 1657
1108 1144
1144 1667
686 696
855 873
1108 1629
664 867
658 690
1181 1657
803 849
1629 1667
868 892
1144 1629
1108 1144
686 696
855 873
1108 1629
1629 1644
1181 1651
1645 1657
851 868
1108 1644
1108 1667
609 658
658 690
864 892
609 690
1492 1651
1629 1667
857 1181
868 892
1108 1144
658 690
609 815
1108 1629
1164 1622
1181 1651
1645 1657
851 868
1144 1644
857 1622
636 851
1108 1644
1108 1667
690 815
826 1181
857 1164
609 658
864 892
658 815
609 690
826 1651
826 857
1108 1144
658 690
609 815
1108 1629
1629 1644
1644 1667
892 896
1181 1651
1645 1657
616 651
851 868
636 851
1108 1644
600 871
690 815
826 1181
686 696
609 658
610 613
616 847
857 1622
609 690
803 849
826 1651
1144 1629
610 690
658 690
609 815
623 651
1629 1644
651 692
1645 1657
616 651
1108 1144
1622 1651
1144 1644
1108 1644
1108 1667
690 815
826 1181
610 613
626 698
1108 1629
616 692
803 849
826 1651
857 1181
660 894
609 815
623 651
866 871
609 690
814 895
1181 1651
1613 1678
1645 1657
616 651
853 873
810 855
857 1622
616 623
1108 1644
600 871
690 815
826 1181
853 855
857 1164
609 658
854 871
658 690
610 613
855 873
889 890
660 682
810 853
636 851
1629 1667
803 849
826 1651
810 873
654 694
686 696
609 815
623 651
854 866
1164 1622
1181 1651
1645 1657
616 651
600 866
891 894
1108 1644
600 871
690 815
826 1181
853 855
888 890
609 658
854 871
823 890
658 690
610 613
826 1164
848 1492
803 849
826 1651
848 1492
855 873
623 651
854 866
651 654
1164 1622
866 871
814 895
1645 1657
616 651
618 847
600 866
891 894
636 864
848 1651
616 623
823 868
1108 1644
690 815
826 1181
888 890
609 658
854 871
658 690
610 613
609 815
623 654
609 690
1629 1667
634 871
803 849
609 815
623 651
854 866
651 692
1164 1622
814 895
1645 1657
616 651
600 866
891 894
1108 1644
1492 1651
690 815
609 658
854 871
658 690
610 613
855 873
826 1164
609 690
696 823
1629 1667
803 849
892 895
623 692
609 815
623 651
1108 1644
651 692
660 891
1645 1657
616 651
618 847
600 866
891 894
636 868
1164 1181
690 815
826 1181
634 866
826 1622
658 690
804 853
610 613
826 1164
636 864
600 634
609 690
1492 1651
1629 1667
803 849
817 847
1181 1657
609 815
623 651
1108 1644
660 891
866 871
1645 1657
616 651
600 866
891 894
854 866
826 1657
690 815
826 1181
634 866
854 871
826 1622
658 690
1144 1601
610 613
826 1164
830 834
634 854
600 634
616 692
609 690
1492 1651
634 871
803 849
694 896
658 690
855 873
651 692
826 1657
616 651
1164 1657
830 834
636 864
1108 1644
690 815
826 1181
634 866
609 658
1181 1657
610 613
609 815
610 658
600 634
609 690
1492 1651
634 871
803 849
817 847
616 654
1181 1657
623 651
854 866
651 654
814 895
1613 1678
616 651
1164 1657
883 889
851 864
623 654
1108 1644
826 1181
830 834
634 866
854 871
658 690
652 682
610 613
652 891
1170 1678
600 634
609 690
682 891
1492 1651
634 871
803 849
616 654
1164 1645
660 894
854 866
651 654
1164 1622
1645 1657
616 651
1164 1657
618 847
883 889
875 882
1108 1644
826 1181
830 834
634 866
652 682
610 613
652 891
616 692
609 690
682 891
1492 1651
803 849
616 654
623 651
651 654
1164 1622
826 1657
866 871
814 895
1164 1657
618 847
654 692
875 882
854 866
826 1181
830 834
634 866
854 871
1181 1657
652 682
610 613
623 654
600 634
616 692
609 690
682 891
1492 1651
634 871
803 849
616 654
1492 1674
651 654
1651 1674
616 692
826 1657
866 871
1164 1657
618 847
623 651
875 882
1108 1644
826 1181
830 834
634 866
864 880
854 871
1181 1657
1144 1601
652 682
610 613
623 654
652 891
854 866
634 854
609 690
682 891
1492 1651
634 871
616 654
1108 1144
634 854
1492 1674
854 866
651 692
651 654
1651 1674
1164 1622
826 1657
866 871
1645 1657
1164 1657
618 847
623 651
1144 1644
654 692
623 654
1108 1644
1492 1651
826 1181
830 834
1108 1601
857 1164
634 866
854 871
652 682
610 613
600 634
616 692
609 690
682 891
696 823
634 871
1181 1657
616 654
1492 1674
854 866
651 692
651 654
1651 1674
616 692
889 892
866 871
1645 1657
857 1657
618 847
826 1657
654 692
1108 1644
1601 1644
826 1181
634 866
610 613
634 854
600 634
682 891
1492 1651
634 871
616 654
1164 1645
1492 1674
854 866
651 692
651 654
1651 1674
1164 1622
889 892
866 871
1645 1657
618 847
1108 1644
1601 1644
826 1181
1108 1601
634 866
610 613
600 634
616 692
609 690
682 891
1492 1651
634 871
803 849
616 654
1622 1657
660 894
1492 1674
1108 1644
651 692
826 1674
1651 1674
889 892
1645 1657
618 847
623 651
623 654
854 866
826 1181
1108 1601
864 880
804 853
610 613
616 692
609 690
1492 1651
803 849
616 654
1622 1657
1164 1645
634 854
660 894
855 873
1492 1674
854 866
651 692
651 654
826 1674
1651 1674
616 692
1164 1622
866 871
654 667
1181 1651
1645 1657
1164 1657
857 1657
618 847
623 651
654 692
623 654
616 623
1108 1644
1601 1644
826 1181
1108 1601
634 866
610 613
853 864
1181 1674
600 634
609 690
1492 1651
826 1651
616 654
636 880
1164 1645
1164 1657
855 873
1108 1644
651 692
651 654
826 1674
1651 1674
1164 1622
654 667
1181 1651
851 868
618 847
1108 1618
623 654
854 866
1601 1644
826 1181
1108 1601
626 817
610 613
658 815
1181 1674
600 634
616 692
609 690
826 1651
616 654
1622 1657
855 873
623 651
854 866
651 692
651 654
826 1674
1651 1674
1164 1622
654 667
1181 1651
618 847
654 692
826 1613
1148 1190
1108 1644
1601 1644
826 1181
626 817
609 658
804 853
610 613
636 869
1181 1674
616 692
609 690
1613 1671
698 817
803 849
826 1651
616 654
660 894
855 873
618 847
1108 1657
654 667
1190 1657
803 880
854 866
1613 1657
806 1632
610 613
600 634
616 692
815 880
826 1170
616 654
660 894
855 873
1651 1674
1645 1657
618 847
616 623
1492 1613
854 866
610 651
806 1632
626 817
609 658
804 853
610 613
849 893
616 692
654 683
803 849
855 873
651 654
1651 1674
616 667
889 892
814 895
651 683
654 667
651 667
1492 1618
623 654
654 683
853 855
1613 1672
610 613
623 667
1181 1674
609 690
698 817
864 868
1657 1672
616 654
1618 1678
1632 1645
616 683
855 873
623 651
664 867
826 830
651 654
807 875
610 613
654 667
651 683
616 651
609 891
690 891
849 895
618 847
623 683
1651 1657
803 880
823 891
875 882
616 623
651 667
654 683
661 692
1108 1667
644 817
807 882
1108 1632
1649 1657
616 667
623 654
1181 1622
1622 1657
1164 1657
849 875
855 873
826 830
1651 1674
609 891
690 891
618 847
882 893
613 661
1492 1613
854 866
1108 1667
610 661
1108 1601
1649 1657
610 613
890 893
1164 1644
600 634
609 690
1622 1657
1164 1657
626 698
826 830
609 891
690 891
618 847
613 661
1492 1613
854 866
1108 1667
610 661
853 855
1108 1601
882 890
610 613
1170 1667
890 893
1632 1671
609 690
889 897
815 880
1622 1657
1164 1657
616 683
855 873
623 651
814 895
609 891
690 891
849 895
616 623
830 848
1492 1613
1108 1667
853 855
1108 1601
854 871
826 848
806 871
610 613
882 890
1632 1671
609 690
892 897
601 863
823 893
855 873
623 651
826 830
683 686
1601 1629
866 871
626 847
616 651
1164 1657
654 692
651 667
1492 1613
1108 1601
616 681
854 871
821 880
610 613
819 882
866 894
600 634
609 690
634 682
634 871
826 848
851 868
828 854
826 830
683 696
610 613
626 847
616 651
654 658
1164 1657
849 895
880 891
651 667
616 623
1492 1613
854 866
1108 1667
1108 1601
882 890
616 681
821 880
660 690
692 847
855 873
651 681
600 634
609 690
623 681
609 660
886 894
1622 1657
600 609
1601 1629
616 651
616 628
601 854
1492 1613
610 661
882 890
616 681
660 690
610 613
651 681
1632 1671
841 855
628 681
826 848
609 660
886 894
634 828
600 609
806 819
814 895
664 828
880 891
651 667
1492 1613
610 661
1108 1601
628 651
610 613
634 867
1632 1671
841 855
821 824
815 891
634 828
826 830
628 667
814 895
664 828
821 886
828 866
651 667
1492 1613
681 686
628 651
660 690
610 613
658 683
600 658
1657 1662
1660 1662
634 867
828 854
1632 1671
826 848
609 660
1622 1657
634 854
634 828
819 822
628 667
1164 1657
610 660
845 848
828 866
651 667
601 660
1492 1613
623 628
610 661
888 890
628 651
613 660
601 610
610 613
658 683
634 664
1657 1662
828 854
1632 1671
1492 1613
634 664
1622 1657
610 661
628 651
609 690
851 857
828 871
658 683
628 667
651 667
1492 1613
1622 1657
1170 1672
828 871
628 667
613 690
651 667
882 886
634 826
628 651
610 613
828 854
1632 1671
817 847
1622 1657
616 683
882 886
610 613
651 667
867 868
1492 1613
610 661
826 854
1108 1601
888 890
628 651
826 828
660 681
601 610
828 871
634 866
601 613
1632 1671
676 867
634 871
1622 1657
664 867
845 848
628 683
682 690
609 616
867 868
616 623
1492 1613
882 886
610 661
1108 1601
888 890
882 890
660 681
628 651
616 667
613 616
1632 1671
609 690
634 871
1492 1613
1622 1657
1108 1667
610 658
610 683
613 658
888 890
845 848
882 890
880 897
1618 1629
651 667
600 609
682 690
658 683
600 613
1492 1613
1622 1657
601 644
616 661
682 690
634 871
1618 1629
862 863
600 609
882 890
1492 1613
681 686
613 658
616 661
882 890
1618 1629
676 873
851 855
634 871
1492 1613
882 886
676 873
613 658
616 661
882 890
1618 1629
660 681
681 686
664 676
1492 1613
1622 1657
634 866
616 661
600 613
807 889
862 863
634 871
664 676
882 890
1492 1613
1622 1657
807 889
664 676
1618 1629
862 863
634 871
610 613
882 890
817 847
1492 1613
882 886
664 676
1618 1629
862 863
634 871
1622 1657
882 886
610 658
664 676
1618 1629
862 863
634 871
1622 1657
1632 1671
664 676
892 897
610 623
1622 1657
1632 1671
664 676
610 623
1492 1613
610 623
882 890
664 676
1492 1613
807 889
862 863
664 676
1492 1613
882 886
656 682
610 658
600 613
807 889
880 897
634 871
664 676
1622 1657
610 658
807 889
610 623
634 871
664 676
1622 1657
807 889
610 658
664 676
664 868
882 890
1622 1657
610 658
613 658
600 613
664 676
807 889
882 886
610 658
613 658
1108 1601
664 676
1622 1657
882 886
610 658
1108 1601
613 658
664 676
882 890
660 681
1108 1601
882 890
1492 1613
1622 1657
1108 1601
634 871
891 892
817 847
1492 1613
1622 1657
882 886
610 658
1108 1601
634 871
1492 1613
1108 1613
1622 1657
610 658
613 658
1108 1601
862 863
1492 1613
1622 1657
889 894
1108 1601
1632 1671
862 863
1492 1613
613 658
1108 1601
862 863
610 623
1492 1613
815 891
1622 1657
610 658
613 658
853 855
1108 1601
867 868
1492 1613
1108 1613
1622 1657
882 886
613 658
1108 1601
1601 1629
1622 1657
882 886
853 855
1108 1601
1632 1671
862 863
1601 1629
609 690
1622 1657
613 658
1108 1601
1632 1671
862 863
1601 1629
1492 1613
1622 1657
613 658
1108 1601
1632 1671
616 623
1492 1613
1622 1657
1108 1601
853 855
613 658
1632 1671
862 863
610 623
1492 1613
1108 1667
610 658
613 658
1108 1601
610 623
867 868
1492 1613
882 886
613 658
853 855
1108 1601
664 676
610 623
867 868
1492 1613
882 886
613 658
853 855
1108 1601
862 863
1613 1672
610 623
1492 1613
882 886
681 686
613 658
1108 1601
664 676
1613 1672
1492 1613
681 686
1660 1662
613 658
853 855
1108 1601
1492 1613
882 886
1660 1662
1108 1601
853 855
613 658
882 886
610 658
613 658
1108 1601
862 863
610 623
616 623
1108 1601
1657 1662
1613 1672
862 863
853 855
1108 1601
623 661
1108 1601
882 886
681 686
623 661
1108 1601
806 822
1492 1613
882 886
681 686
1108 1601
1613 1672
1492 1613
681 686
1632 1671
1492 1613
609 690
623 661
681 686
1632 1671
1492 1613
623 661
681 686
853 855
1601 1629
1492 1613
623 661
681 686
1492 1613
623 661
681 686
853 855
1601 1629
616 623
1492 1613
882 886
681 686
853 855
616 623
1492 1613
681 686
623 661
610 623
853 855
634 871
616 623
1492 1613
623 661
853 855
1613 1672
1601 1629
867 868
616 623
1492 1613
623 661
1613 1672
634 871
867 868
1492 1613
623 661
1613 1672
1601 1629
867 868
1492 1613
623 661
613 658
1613 1672
634 871
1601 1629
867 868
1492 1613
623 661
1108 1601
1601 1629
1492 1613
1108 1667
623 661
613 658
1492 1613
623 661
807 889
1492 1613
609 690
616 661
807 889
610 623
1601 1629
1492 1613
1622 1657
853 855
889 894
616 661
807 889
609 690
817 847
853 855
616 661
1492 1613
807 889
1492 1613
866 871
613 658
1108 1601
664 676
609 690
634 866
1492 1613
853 855
613 658
1108 1601
664 676
634 871
1492 1613
600 613
613 658
664 676
634 871
817 847
1492 1613
882 886
613 658
616 661
664 676
1492 1613
613 658
1632 1671
664 676
1492 1613
853 855
1632 1671
664 676
806 822
634 871
817 847
1492 1613
853 855
807 889
664 676
1492 1613
610 658
853 855
664 676
634 871
1492 1613
853 855
664 676
634 871
1492 1613
853 855
616 661
664 676
1492 1613
882 886
610 658
1108 1601
1632 1671
664 676
853 855
1108 1628
1492 1613
882 886
610 658
1108 1601
1632 1671
664 676
853 855
634 871
1492 1613
882 886
610 658
853 855
1108 1601
1632 1671
664 676
1613 1672
634 871
1492 1613
610 658
853 855
1108 1601
664 676
882 886
1492 1613
610 658
853 855
1108 1601
664 676
609 690
1492 1613
610 658
1108 1601
664 676
1671 1672
1492 1613
610 658
1108 1601
815 891
882 886
610 658
1108 1601
664 676
609 690
1613 1672
815 891
610 658
1108 1601
616 661
1613 1672
1108 1601
616 661
664 676
1613 1672
1492 1613
853 855
1108 1601
664 676
1671 1672
1492 1613
882 886
610 658
1108 1601
616 661
664 676
853 855
1492 1613
610 658
853 855
1108 1601
882 886
634 871
1671 1672
1492 1613
882 886
681 686
656 682
610 658
616 661
1108 1601
853 855
1492 1613
891 896
882 886
1108 1601
853 855
616 661
1492 1613
882 886
681 686
853 855
1108 1601
634 871
817 847
1492 1613
1108 1613
882 886
681 686
1108 1601
610 623
1492 1613
882 886
610 658
1108 1601
664 676
817 847
1492 1613
882 886
681 686
656 682
610 658
1492 1613
1108 1601
1492 1613
1622 1657
882 886
681 686
1108 1667
1108 1601
664 676
838 852
1622 1657
853 855
1108 1601
1170 1613
882 886
1613 1672
1622 1657
853 855
1108 1601
838 852
1613 1672
1170 1672
1622 1657
882 886
1108 1667
610 658
1108 1601
664 676
853 855
1613 1632
853 855
1164 1657
1108 1601
1613 1672
1492 1678
1622 1657
853 855
1108 1601
664 676
1613 1672
1622 1651
1622 1657
609 613
853 855
1108 1601
664 676
838 852
660 681
1613 1672
683 692
1108 1667
610 658
1108 1601
664 676
660 681
1170 1672
683 692
1622 1657
1657 1662
610 658
613 658
664 676
1651 1657
683 692
634 871
1492 1613
1622 1657
613 658
1164 1657
664 676
609 690
1492 1613
1622 1657
613 658
634 871
815 891
1622 1657
882 886
656 682
1108 1667
1108 1601
613 658
838 841
664 676
1492 1613
1622 1657
882 886
1170 1667
1108 1667
1108 1601
1601 1629
867 868
1492 1613
1622 1657
882 886
1170 1667
1622 1657
882 886
1108 1601
664 676
892 897
1622 1657
1108 1601
664 676
1622 1657
1108 1667
1108 1601
664 676
600 609
634 871
867 868
1622 1657
882 886
1108 1601
664 676
1622 1657
882 886
1622 1657
882 886
1108 1667
613 658
807 889
1622 1657
882 886
613 658
807 889
1170 1672
664 676
1492 1613
1622 1657
882 886
613 658
807 889
1170 1672
664 676
1492 1613
1622 1657
882 886
613 658
1632 1671
664 676
1492 1613
1622 1657
882 886
1108 1601
613 658
664 676
862 863
1170 1672
1492 1613
1622 1657
882 886
1108 1667
613 658
664 676
862 863
1492 1613
1622 1657
882 886
681 686
1108 1667
610 658
613 658
664 676
610 623
1492 1613
1622 1657
882 886
610 658
613 658
1164 1657
807 889
664 676
1492 1613
815 891
1622 1657
882 886
610 658
613 658
664 676
610 623
1170 1672
815 891
1622 1657
882 886
613 658
610 658
600 613
1164 1657
664 676
862 863
1492 1613
1622 1657
882 886
1660 1662
1108 1667
610 658
664 676
1170 1672
1492 1613
692 698
1622 1657
882 886
664 676
1667 1672
1170 1672
1492 1678
1492 1613
1622 1657
610 658
664 676
609 690
892 897
610 623
891 892
609 690
1622 1657
882 886
1660 1662
610 658
888 890
664 676
1170 1672
817 847
1492 1613
1622 1657
1660 1662
664 676
609 690
1492 1613
1622 1657
882 886
613 658
664 676
862 863
1622 1651
882 886
664 676
862 863
609 690
634 871
1492 1613
610 658
853 855
1108 1601
664 676
862 863
867 868
1492 1613
692 698
610 658
664 676
892 897
634 871
692 698
882 886
1660 1662
610 658
664 676
634 871
692 698
882 886
610 658
664 676
660 681
692 698
610 658
616 661
664 676
1170 1672
1492 1613
692 698
882 886
1660 1662
610 658
600 613
1164 1657
664 676
1170 1672
1601 1629
867 868
1492 1613
1622 1651
882 886
610 658
616 661
664 676
1170 1672
817 847
1492 1613
838 841
1660 1662
610 658
616 661
664 676
817 847
1492 1613
838 841
882 886
610 658
664 676
634 871
1601 1629
1671 1672
1492 1613
882 886
610 658
664 676
634 871
1601 1629
601 616
817 847
1492 1613
823 893
610 658
664 676
634 871
1492 1613
815 891
610 658
600 613
664 676
634 871
867 868
1492 1613
882 886
610 658
853 855
664 676
882 886
610 658
664 676
867 868
1492 1613
882 886
610 658
664 676
817 847
1492 1613
882 886
613 658
664 676
1492 1613
882 886
1660 1662
610 658
664 676
1622 1657
1660 1662
610 658
664 676
1492 1613
1622 1657
1660 1662
664 676
1613 1629
1601 1629
1492 1613
1622 1657
610 658
664 676
1613 1629
634 871
1601 1629
1492 1613
882 886
610 658
664 676
882 886
610 658
613 658
664 676
817 821
862 863
634 871
1492 1613
882 886
613 658
664 676
1492 1678
1492 1613
609 690
1622 1657
613 658
664 676
1622 1651
1492 1678
1492 1613
609 690
1622 1657
613 658
1622 1651
664 676
1492 1678
1492 1613
882 886
664 676
609 690
1613 1672
1492 1613
815 891
882 886
1164 1657
664 676
1613 1672
882 886
613 658
1164 1657
664 676
1613 1672
1492 1678
1492 1613
815 891
1108 1601
664 676
609 690
634 871
1601 1629
1492 1613
613 658
1108 1601
1632 1671
664 676
1622 1651
807 889
1492 1678
1492 1613
1108 1601
1632 1671
664 676
807 889
1492 1678
1632 1671
807 889
609 690
1170 1672
1601 1629
664 676
1492 1678
1613 1632
609 690
1170 1613
807 889
862 863
1613 1672
1601 1629
634 871
1170 1672
664 676
1492 1678
1492 1613
609 690
1622 1657
1108 1601
1622 1651
862 863
1170 1672
1492 1678
1492 1613
609 690
882 886
1164 1657
664 676
862 863
1613 1629
1613 1672
807 889
1492 1613
807 889
1622 1651
609 690
1613 1672
664 676
609 690
1622 1657
882 886
807 889
1601 1629
664 676
1632 1671
807 889
609 690
664 676
1492 1613
1622 1657
882 886
807 889
609 690
892 897
1613 1629
664 676
1492 1678
1492 1613
692 698
882 886
664 676
862 863
609 690
1601 1629
807 889
1492 1613
1622 1657
882 886
664 676
862 863
1601 1629
807 889
1492 1613
664 676
862 863
1613 1672
1601 1629
1492 1613
692 698
1622 1657
882 886
610 658
1632 1671
664 676
1660 1679
1613 1672
1601 1629
882 890
1622 1651
1622 1657
882 886
807 889
1601 1629
664 676
1492 1613
882 886
664 676
1622 1651
1601 1629
882 890
664 676
815 891
1164 1657
664 676
1622 1651
838 852
862 863
1492 1613
815 891
1164 1657
664 676
1618 1629
862 863
692 698
1622 1657
882 886
1164 1657
664 676
862 863
1492 1613
1144 1662
1622 1657
664 676
838 852
862 863
1492 1613
1622 1657
862 863
867 868
817 847
1492 1613
1622 1651
1622 1657
610 658
1164 1657
838 852
817 847
1492 1613
1622 1657
610 658
664 676
838 852
862 863
817 847
1492 1613
1622 1651
1622 1657
610 658
600 613
838 852
862 863
1613 1672
1170 1672
1492 1613
1622 1657
610 658
1190 1660
600 613
838 852
1170 1672
1613 1632
1190 1660
1622 1657
664 676
1492 1613
1622 1657
1613 1672
867 868
1492 1613
815 891
1622 1657
882 886
664 676
1613 1672
634 871
882 890
1492 1613
1622 1657
882 886
664 676
1613 1672
1492 1613
1622 1657
882 886
1632 1671
1622 1651
1492 1613
1622 1657
1632 1671
664 676
1622 1651
610 623
1622 1657
664 676
1170 1672
1622 1657
616 661
1622 1657
616 661
664 676
1601 1618
610 623
1170 1672
610 623
1622 1657
1492 1678
664 676
1622 1657
882 886
600 613
664 676
867 868
1622 1657
1660 1662
664 676
1492 1613
1622 1657
664 676
610 652
610 623
1622 1657
882 886
1660 1662
882 890
664 676
1622 1657
664 676
1144 1662
1622 1657
664 676
1622 1657
681 686
664 676
1170 1672
1492 1678
1622 1657
1492 1678
1613 1672
664 676
692 698
1622 1657
681 686
1613 1672
610 658
664 676
609 690
1144 1662
1492 1678
692 698
1622 1657
610 658
613 658
664 676
1492 1678
1622 1657
681 686
610 658
664 676
1492 1678
838 852
664 676
610 658
692 698
664 676
838 852
882 890
817 847
1622 1657
610 658
664 676
817 847
1492 1613
1622 1657
664 676
1492 1613
1622 1657
681 686
610 658
664 676
660 681
1492 1613
1622 1657
610 658
807 889
838 852
634 871
882 890
867 868
1492 1613
1622 1657
664 676
610 658
807 889
892 897
882 890
1492 1613
692 698
1622 1657
610 658
1164 1657
664 676
838 852
1492 1613
1622 1657
610 658
664 676
838 852
1613 1672
692 698
1622 1657
882 886
610 658
616 661
664 676
838 852
1613 1672
681 686
610 658
616 661
664 676
838 852
1170 1672
1622 1657
613 658
664 676
634 871
1108 1613
1622 1657
613 658
610 658
1108 1601
616 661
664 676
838 852
1622 1657
613 658
616 661
807 889
838 852
634 871
664 676
1671 1672
1108 1613
692 698
1622 1657
1108 1601
613 658
664 676
882 890
1622 1657
867 868
664 676
1108 1613
692 698
1622 1657
616 661
664 676
1622 1657
862 863
664 676
1622 1657
610 658
664 676
838 852
862 863
867 868
817 847
1622 1657
882 886
610 658
664 676
838 852
867 868
817 847
1492 1613
1622 1657
882 886
610 658
664 676
862 863
1492 1678
1492 1613
1622 1657
882 886
610 658
664 676
838 852
1613 1672
610 623
867 868
1492 1678
1492 1613
1622 1657
610 658
664 676
838 852
610 623
817 847
1492 1613
1622 1657
882 886
610 658
664 676
838 852
634 871
867 868
817 847
1492 1613
1622 1657
664 676
609 690
838 852
683 692
1613 1672
634 871
1492 1613
1622 1657
853 855
610 658
664 676
862 863
1613 1672
634 871
867 868
1492 1613
1622 1657
882 886
1660 1662
610 658
609 690
853 855
862 863
1492 1613
1622 1657
882 886
610 658
664 676
609 690
838 852
1492 1613
882 886
610 658
867 868
817 847
1492 1613
1622 1657
853 855
634 866
838 852
1601 1629
1492 1613
1622 1657
882 886
664 676
1492 1678
1622 1657
882 886
817 847
1622 1657
882 886
601 644
807 889
664 676
817 847
1492 1613
1622 1657
882 886
600 613
616 661
807 889
609 690
664 676
817 847
1492 1613
1622 1657
807 889
838 852
838 854
664 676
1492 1613
1622 1657
853 855
616 661
807 889
838 852
664 676
867 868
1622 1657
610 658
616 661
807 889
838 852
862 863
634 871
664 676
609 690
1622 1657
1144 1662
616 661
807 889
664 676
817 847
1144 1662
1622 1657
676 873
616 661
664 676
664 676
634 871
676 873
610 658
616 661
664 676
882 886
676 873
610 658
616 661
600 613
807 889
609 690
882 890
664 676
882 886
676 873
610 658
616 661
664 676
634 871
882 890
882 886
676 873
610 658
664 676
610 623
817 847
882 886
610 658
664 676
610 623
634 871
807 889
676 873
610 658
600 613
807 889
610 623
664 676
1492 1613
676 873
664 676
610 623
807 889
817 847
1492 1613
676 873
610 658
807 889
610 623
664 676
882 886
676 873
610 658
616 661
807 889
814 895
664 676
815 891
676 873
664 676
814 895
807 889
815 891
676 873
664 676
644 652
610 623
807 889
1492 1613
807 889
610 623
664 676
1492 1613
815 891
676 873
807 889
610 623
664 676
676 873
664 676
610 623
815 891
882 886
676 873
664 676
610 623
634 871
882 886
1660 1662
815 891
664 676
610 623
1144 1662
1622 1657
676 873
627 635
664 676
610 623
1622 1657
882 886
676 873
664 676
892 897
610 623
867 868
1622 1657
676 873
664 676
1613 1672
807 889
867 868
676 873
1632 1671
664 676
1613 1672
867 868
1622 1657
882 886
676 873
815 898
613 658
627 635
664 676
610 623
1622 1657
676 873
613 658
627 635
807 889
664 867
862 863
1613 1672
610 623
882 886
676 873
613 658
627 635
664 867
867 868
1108 1613
1622 1657
1144 1662
613 658
627 635
867 868
1108 1613
1622 1657
676 873
627 635
664 676
867 868
1108 1613
1622 1657
891 896
627 635
664 676
862 863
676 873
867 868
891 896
1108 1613
1622 1657
676 873
627 635
664 676
664 867
862 863
634 871
1170 1672
867 868
1108 1613
1622 1657
891 896
610 658
627 635
676 873
664 867
862 863
634 871
1170 1672
664 676
867 868
1622 1657
676 873
610 658
627 635
664 676
664 867
867 868
1622 1657
676 873
610 658
600 613
627 635
664 867
867 868
1622 1657
882 886
676 873
613 658
600 613
627 635
664 676
664 867
634 871
867 868
1108 1613
1622 1657
610 658
600 613
613 658
807 889
664 867
892 897
610 623
664 676
867 868
1108 1613
1622 1657
676 873
610 658
807 889
664 867
610 623
867 868
1492 1613
1622 1657
882 886
676 873
613 658
610 623
867 868
1492 1613
1622 1657
676 873
600 613
634 871
664 867
610 623
803 849
867 868
1492 1613
1622 1657
676 873
610 658
807 889
610 623
803 849
867 868
1492 1613
1622 1657
676 873
610 658
1108 1601
1660 1679
867 868
1492 1613
1622 1657
676 873
1660 1679
664 867
867 868
1492 1613
1622 1657
882 886
676 873
1108 1601
892 897
867 868
1492 1613
1108 1613
1622 1657
676 873
1108 1601
807 889
892 897
867 868
1492 1613
1622 1657
882 886
676 873
1108 1601
610 623
1108 1613
1492 1613
1622 1657
882 886
676 873
1108 1601
600 613
891 896
1492 1613
891 896
1622 1657
882 886
676 873
882 890
1492 1613
1622 1657
676 873
867 868
1492 1613
1622 1657
676 873
882 890
867 868
1492 1613
815 891
1622 1657
882 886
676 873
660 681
634 871
867 868
1492 1613
815 891
1622 1657
676 873
635 698
891 896
634 871
867 868
1492 1613
1108 1613
1622 1657
882 886
676 873
634 871
867 868
1622 1657
882 886
676 873
634 871
867 868
1622 1657
882 886
676 873
1618 1629
664 867
634 871
867 868
1622 1657
610 658
635 698
634 871
891 896
635 698
676 873
807 889
892 897
891 896
676 873
610 658
807 889
664 867
634 871
882 886
676 873
807 889
664 867
634 871
867 868
1492 1678
882 886
664 676
664 867
634 871
807 889
1492 1678
882 886
676 873
807 889
664 867
634 871
867 868
1622 1657
882 886
676 873
807 889
635 698
676 873
610 658
807 889
867 868
1170 1601
1108 1601
634 871
1170 1601
1144 1662
1108 1601
1492 1678
676 873
616 661
838 852
1657 1660
676 873
664 867
1492 1613
635 698
676 873
616 661
1632 1671
817 847
1492 1613
1164 1657
1660 1679
1613 1672
803 849
610 658
817 821
1613 1672
803 849
610 658
1657 1679
803 849
1144 1662
676 873
610 658
1144 1662
676 873
610 658
838 852
1144 1662
1108 1667
610 658
616 661
838 852
609 690
867 868
1144 1662
635 698
610 658
676 873
882 890
838 852
634 871
1170 1672
1144 1662
635 698
676 873
610 658
838 852
867 868
1144 1662
635 698
676 873
815 898
882 890
838 852
1144 1662
1622 1657
610 658
635 698
838 852
1601 1629
1622 1657
676 873
610 658
635 698
807 889
609 690
838 852
1492 1613
635 698
814 895
882 890
609 690
838 852
1657 1679
1492 1613
609 690
635 698
1622 1657
1632 1671
838 852
1657 1679
1492 1613
609 690
676 873
838 852
1657 1679
676 873
838 852
634 871
635 698
610 658
623 661
676 873
686 696
838 852
882 886
610 658
616 661
682 690
838 852
634 871
882 890
1492 1613
635 698
610 658
838 852
1492 1613
1144 1662
1622 1657
838 852
660 681
1492 1613
1144 1662
676 873
815 891
1108 1601
838 852
634 871
1492 1613
853 855
1108 1601
634 871
635 698
853 855
1108 1601
1632 1671
634 871
1492 1613
1622 1657
676 873
1108 1601
853 855
600 613
634 871
882 886
600 609
1492 1613
1622 1657
676 873
610 658
616 661
1108 1601
627 635
658 698
634 871
610 698
1492 1613
635 692
1108 1601
1164 1657
610 623
1492 1613
882 886
676 873
610 658
1164 1657
1108 1601
628 651
862 863
610 623
660 681
601 616
627 692
616 623
1108 1613
1492 1613
1622 1657
882 886
601 623
1108 1601
686 696
682 690
661 683
664 676
626 698
1492 1613
1622 1657
882 886
676 873
1108 1601
1164 1657
1181 1674
1632 1671
682 690
618 660
601 623
634 871
1622 1657
882 886
676 873
1108 1667
1164 1657
1181 1674
618 660
1651 1674
1671 1672
1613 1632
882 886
628 661
1164 1657
1613 1651
618 660
634 871
1492 1678
1622 1657
1164 1657
686 696
1164 1622
1618 1629
892 897
1649 1657
1657 1679
1492 1678
1622 1657
1667 1679
1190 1660
616 683
1164 1657
686 696
1144 1662
1645 1657
1645 1674
1492 1678
1622 1657
882 886
1190 1671
1645 1657
612 1649
686 696
1632 1671
1190 1632
660 681
803 849
1622 1657
882 886
1601 1657
1645 1657
612 1649
686 696
682 690
892 897
803 849
1164 1622
815 891
882 886
676 873
1618 1657
612 1649
686 696
1632 1671
660 681
1144 1629
882 886
676 873
1645 1657
616 683
612 1649
686 696
660 681
658 690
634 871
867 868
1657 1674
1645 1657
616 683
682 690
660 681
612 1657
654 681
1618 1657
1645 1657
660 681
654 660
867 868
1629 1644
660 681
676 873
852 854
1645 1657
838 852
660 681
1628 1645
862 863
1628 1657
815 891
838 852
660 681
862 863
838 852
853 855
664 867
862 863
676 873
852 854
838 852
838 852
660 681
658 690
826 838
815 891
854 857
882 886
634 854
660 681
867 868
882 886
852 854
838 862
660 681
867 868
641 699
882 886
634 854
600 854
803 849
641 699
681 853
867 873
855 867
880 896
867 868
817 847
641 699
838 852
817 823
891 892
817 847
815 891
641 699
620 1190
682 892
600 854
682 817
824 849
641 699
826 827
682 893
826 838
814 895
826 852
824 849
641 699
895 897
838 852
882 886
826 838
682 898
882 886
814 895
826 852
641 699
838 852
826 838
806 888
654 681
641 699
826 852
814 875
634 854
826 852
882 889
641 699
682 819
838 852
826 838
641 699
634 854
826 852
806 888
814 895
826 852
1181 1651
641 699
845 852
654 681
826 838
826 845
826 852
1181 1651
641 699
838 852
826 845
826 838
845 852
838 852
1651 1674
826 838
1181 1674
826 852
826 852
641 699
1181 1674
1181 1651
1651 1674
826 838
838 852
641 699
826 852
826 838
826 852
1181 1651
641 699
1181 1674
838 852
826 838
838 852
826 838
826 852
826 852
826 852
620 1190
620 674
674 1190
620 1190
620 1658
826 838
620 1190
620 1658
1181 1674
620 1190
1181 1674
620 1190
620 1190
620 1190
620 1190
620 674
826 852
620 674
826 838
826 838
620 674
620 674
826 838
826 838
1148 1658
620 1190
620 674
620 674
826 838
622 695
620 1658
674 1190
620 1190
674 1658
674 1190
674 1148
620 1190
620 674
674 1190
620 1190
620 674
1190 1658
620 1190
620 674
620 1190
620 674
826 838
620 1190
620 674
674 1190
620 1190
826 838
620 1190
620 1658
685 695
620 1190
674 1658
674 1190
620 1190
1190 1658
674 1148
674 1190
620 1658
1190 1658
620 1190
674 1190
620 1190
620 1190
674 684
620 1190
620 1190
606 684
620 1190
650 674
620 1190
684 685
1651 1658
620 1190
684 685
609 613
1651 1658
620 1190
684 685
609 613
1651 1658
620 1190
1181 1651
609 610
684 685
1651 1658
620 1190
1181 1651
609 613
826 838
620 1190
1148 1651
650 674
609 610
1190 1658
684 685
620 1190
609 613
620 1658
826 838
684 685
620 1190
684 685
620 1190
609 610
684 685
826 838
620 1190
609 613
684 685
620 1190
620 1190
1660 1662
620 1190
606 651
609 613
606 651
609 613
620 1190
606 651
620 1190
1492 1658
610 626
611 685
620 1190
606 651
661 692
620 1190
606 651
609 613
606 651
620 1190
626 698
620 674
674 1190
1662 1678
620 1190
606 651
609 613
606 651
620 674
826 838
620 1190
674 1190
620 674
661 692
674 1190
620 1190
606 651
1651 1674
826 838
620 674
674 1190
1492 1658
620 1190
606 651
1651 1674
620 674
674 1190
620 1190
606 651
603 695
674 1190
620 674
620 1190
1651 1674
626 698
620 674
674 1190
620 1190
620 674
674 1190
620 1190
626 698
606 651
606 651
620 674
1651 1674
674 1190
620 674
674 1190
826 852
620 1190
606 651
1651 1674
620 674
674 1190
684 1678
620 1190
606 651
651 1678
620 674
674 1190
651 1678
620 1190
606 651
623 1170
651 684
606 684
620 1190
1632 1671
651 684
622 695
606 684
606 651
609 613
1651 1674
606 651
1651 1674
609 613
651 684
609 613
609 613
620 674
609 613
615 684
1632 1671
606 651
1190 1492
606 684
1190 1658
651 684
620 674
615 684
651 684
1632 1671
606 651
606 615
1190 1671
615 684
1190 1632
1632 1671
606 651
651 684
1645 1657
615 651
606 615
1190 1671
1645 1657
1190 1632
1632 1671
606 651
609 613
615 651
1651 1674
606 615
615 684
1632 1671
606 651
651 684
1492 1671
615 651
1651 1674
826 838
606 615
1190 1671
615 684
635 692
1181 1674
1190 1632
606 651
1492 1674
669 674
615 651
1651 1674
651 684
650 674
615 684
1632 1671
606 651
1651 1674
651 684
606 684
615 684
615 651
1651 1674
651 684
615 684
615 651
1651 1674
826 838
606 684
1170 1613
615 684
606 651
615 651
606 615
1170 1613
1190 1671
615 684
1632 1671
606 651
615 651
1651 1674
651 684
606 684
1190 1671
615 684
1170 1672
615 651
1651 1674
651 684
606 684
1170 1613
1190 1671
606 651
615 651
1651 1674
651 684
619 1645
1170 1613
1190 1671
1181 1674
606 651
615 651
1651 1674
619 1657
619 1645
606 684
1190 1671
615 684
600 634
1632 1671
1190 1632
606 651
1613 1672
615 651
651 684
606 684
1170 1613
1190 1671
615 684
1190 1632
1632 1671
606 651
651 684
615 651
606 615
1170 1613
1190 1671
1190 1632
620 669
1190 1632
606 651
620 669
615 651
651 684
1181 1674
1190 1632
1613 1672
615 651
1181 1674
1190 1632
615 651
615 684
1492 1674
1613 1672
615 651
1190 1671
1181 1674
1190 1632
615 651
1190 1671
615 684
1632 1671
615 651
1190 1671
615 684
1632 1671
606 651
1492 1674
615 651
606 615
1190 1671
636 864
606 651
615 651
606 615
676 864
1190 1671
603 684
1190 1632
1632 1671
606 651
620 669
615 651
1170 1613
1190 1671
606 651
620 669
615 651
603 684
606 651
620 669
615 651
620 674
1170 1613
1190 1671
1613 1672
606 651
676 867
615 651
606 615
619 1645
620 674
1170 1613
1190 1671
606 651
1613 1672
615 651
619 1657
619 1645
1170 1613
1190 1671
1492 1632
606 651
620 669
1492 1632
606 651
615 651
1170 1613
1190 1671
1632 1651
606 651
1613 1672
1190 1671
1632 1651
626 698
606 651
615 651
634 854
606 651
620 669
615 651
606 651
826 852
606 651
634 854
619 1645
1492 1632
1170 1613
634 854
1190 1671
606 651
600 854
620 669
615 651
606 615
619 1645
634 854
830 834
606 651
1632 1674
1613 1672
620 650
615 651
1651 1674
606 615
619 1645
603 684
634 854
606 651
1632 1674
1613 1672
620 669
615 651
623 1678
606 615
619 1645
649 1613
634 854
603 684
606 651
1613 1671
620 669
615 651
623 1678
649 1671
649 1613
634 854
649 1672
606 651
1613 1671
827 830
1170 1671
600 854
623 1678
1671 1672
649 1671
634 854
603 684
600 634
606 651
827 830
615 651
649 1671
634 854
1148 1672
606 651
1492 1613
827 830
600 854
615 651
623 1678
1632 1660
634 854
606 651
600 854
615 651
623 1678
1632 1660
649 1671
634 854
603 684
606 651
600 854
615 651
1632 1672
606 615
1632 1660
1170 1632
634 854
603 684
606 651
827 830
600 854
615 651
619 1657
649 1671
634 854
1181 1674
600 634
606 651
1181 1613
827 830
620 669
615 651
1613 1674
1613 1632
634 854
603 684
606 651
1181 1613
827 830
1613 1651
615 651
1190 1658
1613 1674
649 1671
634 854
606 651
1181 1613
827 830
615 651
634 854
606 651
827 830
615 651
1632 1674
1170 1672
615 651
1492 1678
649 1671
606 651
615 651
649 1671
606 651
620 669
615 651
649 1671
1492 1678
606 651
620 650
615 651
634 854
600 634
613 698
634 854
600 634
606 651
600 854
634 854
600 634
606 651
1148 1492
600 854
620 650
620 674
854 866
634 854
634 866
606 651
615 651
600 854
1651 1674
620 674
634 854
1181 1674
600 634
634 866
854 866
600 866
600 854
615 651
620 674
854 866
1649 1674
634 854
600 866
600 854
615 651
620 674
854 866
1645 1657
606 651
1492 1674
600 854
620 674
634 854
1645 1657
615 651
649 1671
620 674
634 854
634 866
854 866
600 866
615 651
620 674
854 866
634 854
606 651
600 866
600 854
634 866
1164 1622
1644 1667
620 674
854 866
634 854
1148 1667
855 873
606 651
1492 1674
615 651
1632 1667
634 866
600 854
1164 1622
620 674
1181 1674
606 651
600 854
615 651
610 613
1164 1622
620 674
1181 1651
606 651
1492 1674
1492 1651
615 651
1651 1674
1164 1622
620 674
1181 1492
1181 1674
606 651
1492 1674
615 651
620 674
1148 1662
1645 1657
606 651
1492 1674
613 698
619 1657
620 674
1644 1856
1645 1657
1181 1674
606 651
1492 1674
615 651
619 1657
620 674
1492 1674
1644 1856
864 868
1181 1674
606 651
1645 1657
1632 1662
615 651
619 1657
600 661
1645 1657
1181 1674
606 651
1492 1674
615 651
1632 1662
610 613
619 1657
610 613
1645 1657
826 838
1644 1856
1181 1674
606 651
841 848
1632 1662
647 668
615 651
1651 1674
619 1657
606 615
619 1645
620 674
1181 1651
1181 1492
1181 1674
606 651
609 613
1632 1662
615 651
1651 1674
619 1657
606 615
1622 1657
669 1662
1644 1657
606 651
1492 1674
841 848
610 613
826 838
669 1190
1181 1651
609 613
1164 1657
1181 1492
1181 1674
1492 1674
841 848
1492 1651
610 613
826 838
606 615
1651 1674
669 1190
609 610
674 1678
676 867
1181 1651
1632 1657
628 674
610 661
1181 1492
1181 1674
1492 1674
1657 1856
834 854
1492 1651
1651 1674
1657 1667
669 1658
669 1190
620 674
1181 1492
620 1678
1181 1651
610 661
1644 1856
1181 1674
620 678
1632 1644
1492 1674
834 854
677 1658
676 867
606 1657
620 668
669 1658
1651 1674
620 674
650 677
1181 1674
1632 1644
668 674
841 848
620 1662
1613 1672
669 1667
620 668
669 1190
668 1662
616 822
674 1662
1181 1674
838 852
635 894
620 674
650 677
628 1657
1181 1651
674 1662
603 684
867 873
1613 1672
635 894
1657 1672
809 819
668 1662
1170 1672
620 674
826 852
838 852
685 1662
1181 1674
603 684
809 1657
1492 1674
841 848
867 873
641 646
1181 1657
668 685
668 1662
650 669
620 668
1657 1672
620 674
647 1662
668 1662
1492 1651
620 685
1613 1657
1181 1492
1181 1651
1181 1674
1492 1674
841 848
867 873
641 646
650 669
1613 1672
1651 1674
1657 1672
628 635
826 852
668 1662
1170 1657
1613 1657
1181 1674
654 681
1492 1674
647 1662
867 873
1613 1672
1651 1674
1170 1672
1657 1672
620 674
661 1658
668 1662
1170 1657
1181 1651
620 685
1613 1657
1181 1674
1613 1672
1170 1672
1657 1672
1651 1674
620 674
814 849
635 661
620 685
1613 1657
1181 1492
1181 1674
1170 1613
838 852
1613 1672
1657 1672
1181 1658
620 674
1181 1651
620 685
1613 1657
1181 1492
1181 1674
1164 1190
661 894
1492 1674
668 1662
1613 1672
1657 1672
1181 1658
628 635
620 674
1170 1657
620 685
1190 1660
1170 1678
1181 1674
1164 1190
681 892
661 894
681 893
641 691
1657 1678
628 635
635 894
1657 1672
654 892
628 661
826 893
1492 1674
641 691
635 894
620 685
654 893
1657 1674
635 661
628 661
661 894
635 894
1181 1657
1651 1674
620 674
1181 1651
628 661
696 898
635 894
1651 1674
628 661
620 674
635 894
661 894
620 674
635 894
661 894
620 674
635 894
691 699
1492 1657
889 895
628 661
1164 1190
661 894
854 871
646 699
1492 1657
889 895
661 894
635 894
691 695
628 661
1492 1657
649 1671
1170 1613
1492 1657
641 691
649 1671
1492 1657
635 661
628 661
1170 1613
1492 1657
1613 1678
1613 1678
650 669
1613 1678
1170 1613
1492 1657
620 674
1170 1613
1492 1657
1613 1678
676 867
827 830
1651 1674
1651 1674
827 830
620 674
676 867
1613 1678
620 674
1181 1678
620 674
1492 1657
1492 1657
1492 1657
1492 1657
1492 1657
676 867
620 674
1492 1657
1170 1613
1492 1657
1181 1651
1492 1657
1181 1651
1170 1613
1492 1657
1651 1674
1492 1657
1651 1674
1492 1657
1651 1674
1651 1674
1492 1657
1651 1674
1492 1657
827 830
1181 1651
1492 1657
1181 1651
1492 1657
1170 1613
1181 1651
1492 1657
1170 1613
1613 1674
1181 1651
1492 1657
827 830
1651 1674
1492 1657
654 681
1651 1674
1492 1657
1651 1674
1651 1674
1492 1657
1181 1651
668 1662
1651 1674
1181 1651
1651 1674
668 1662
1651 1674
1651 1674
1144 1190
1651 1674
1144 1644
1651 1674
668 1662
1170 1613
654 681
1170 1613
1170 1613
1181 1674
1170 1613
1181 1674
854 871
1170 1613
827 830
827 834
1170 1613
827 830
1170 1672
827 834
1170 1672
1170 1613
1170 1672
635 661
641 649
827 830
1492 1657
1492 1657
1164 1645
1492 1657
1492 1657
1492 1657
649 1671
867 869
646 691
646 1164
649 1671
691 695
691 695
1492 1657
1492 1657
620 674
620 674
620 674
1190 1629
646 1164
1651 1674
620 674
647 1662
1629 1644
646 1164
1651 1674
620 674
1164 1645
620 674
620 674
1164 1645
1629 1644
646 1164
649 1671
1164 1645
620 674
649 1671
646 1164
620 674
1492 1657
1644 1856
1181 1651
646 1164
649 1671
620 674
814 895
827 830
1492 1657
1492 1657
1181 1651
1164 1645
1644 1856
1613 1678
641 649
668 1662
1170 1613
1492 1657
641 649
641 1671
1651 1674
1170 1613
1492 1657
1492 1657
1181 1651
1170 1613
1492 1657
1492 1657
814 889
1671 1856
690 827
1651 1674
1492 1657
1170 1613
1492 1657
889 895
814 889
1629 1667
814 895
1651 1674
601 803
1170 1613
1492 1657
889 895
814 889
658 807
804 834
690 807
1170 1613
889 895
1629 1667
1492 1657
1651 1674
889 895
1651 1674
1492 1657
1170 1613
1651 1674
601 827
1170 1613
880 887
821 888
1170 1613
1492 1657
601 827
1651 1674
1492 1657
826 867
601 827
826 827
1651 1674
601 854
827 854
827 834
1492 1657
889 895
601 827
854 871
658 690
826 827
1651 1674
649 691
827 854
1492 1657
889 895
690 804
601 827
854 871
649 691
1492 1657
658 807
619 695
652 682
649 691
690 807
658 690
649 691
652 682
658 690
1492 1657
827 830
889 895
1492 1657
601 804
690 824
658 807
827 830
658 824
1651 1674
1492 1657
601 804
658 824
690 807
807 824
660 894
658 807
827 830
658 690
1651 1674
690 824
803 804
814 895
889 895
658 824
814 889
807 824
658 807
619 695
658 690
690 824
1651 1674
803 804
814 895
889 895
658 824
807 824
660 894
690 807
690 824
1651 1674
658 807
826 827
690 824
690 807
807 824
883 888
658 690
814 895
658 824
690 824
658 690
807 824
658 807
827 830
658 824
658 807
658 824
807 824
690 807
601 803
690 824
690 807
658 690
690 824
804 868
807 824
658 807
658 807
804 807
649 691
690 824
658 690
807 824
690 804
690 807
658 824
601 803
804 824
690 807
649 691
690 824
804 824
807 824
658 807
658 824
601 803
690 807
804 807
826 827
658 824
804 824
807 824
658 807
658 690
1651 1674
601 803
690 824
690 807
814 889
807 824
828 854
658 807
658 690
601 803
658 807
620 674
601 803
658 804
658 807
690 807
826 827
690 804
690 807
804 807
826 827
814 889
690 804
658 807
601 803
658 807
804 807
826 827
830 864
814 889
690 804
649 695
690 807
601 803
690 807
804 807
658 804
690 804
658 807
660 681
601 803
690 807
804 807
690 824
658 690
807 824
658 804
690 804
658 807
864 868
658 824
601 803
658 807
804 807
658 690
658 824
804 824
807 824
690 804
658 804
690 807
690 824
601 803
658 807
803 854
690 824
658 690
807 824
690 804
690 807
880 896
804 824
691 695
641 1856
658 824
690 807
804 807
1144 1629
690 824
807 824
658 804
658 807
804 824
658 824
658 807
1144 1629
690 824
807 824
690 807
601 827
658 690
601 803
658 807
804 807
1144 1629
690 804
690 807
658 690
658 807
804 807
660 681
845 855
814 895
658 824
807 824
690 804
658 804
658 807
804 824
690 824
690 807
804 807
658 824
1492 1672
807 824
658 804
690 804
658 807
676 855
660 681
804 824
601 803
690 824
611 622
690 807
690 824
658 690
807 824
658 807
880 896
658 824
601 803
804 824
611 622
690 807
1144 1629
611 621
690 824
658 690
658 804
658 807
804 824
658 824
601 803
611 622
1144 1629
611 621
658 824
658 690
851 854
690 824
1651 1674
601 803
611 621
658 824
690 807
807 824
658 807
658 690
601 803
690 824
611 622
883 888
826 827
611 621
1613 1678
658 824
690 807
807 824
658 807
838 852
658 690
1144 1629
601 803
883 888
1144 1629
690 824
690 807
658 807
838 852
611 691
1170 1613
658 824
658 807
838 852
690 824
1651 1674
601 803
883 888
814 895
658 690
690 824
690 807
658 807
621 691
611 691
658 824
650 669
601 803
815 880
658 807
814 895
658 824
828 854
690 807
658 690
601 803
690 824
676 873
658 824
807 824
634 866
690 807
664 867
658 690
658 807
601 803
690 824
658 807
814 895
658 824
807 824
634 866
690 807
615 691
641 691
603 612
611 691
690 824
601 803
1170 1613
690 824
664 867
826 827
658 824
690 807
615 691
641 691
603 612
804 807
690 804
634 866
658 807
658 690
814 895
606 611
828 854
838 852
601 803
658 807
1170 1613
658 804
1144 1629
804 807
658 824
658 690
828 854
634 866
690 807
641 691
690 804
804 824
690 824
606 621
804 807
1144 1629
615 641
658 824
807 824
1170 1613
658 807
615 691
664 867
641 691
603 1629
813 838
615 641
658 824
807 824
658 807
615 691
664 867
641 691
838 852
813 852
634 866
684 1622
615 691
615 641
658 824
690 807
690 804
1632 1671
658 807
827 871
641 691
658 690
852 869
813 852
690 824
684 1622
838 852
658 824
658 807
1628 1629
641 691
606 621
813 838
654 869
658 824
634 866
658 807
838 852
851 854
1651 1674
813 852
813 838
654 869
838 852
658 824
807 824
634 866
658 807
650 1144
813 852
804 807
654 869
658 824
807 824
690 804
658 807
892 898
838 852
634 866
1170 1613
827 871
814 895
654 869
615 641
690 824
807 824
658 807
650 1144
658 824
804 824
804 807
658 824
804 824
807 824
690 804
634 866
658 807
827 871
1144 1190
641 650
813 852
690 824
821 852
690 824
650 677
615 650
852 867
658 824
615 691
641 650
863 867
857 867
684 1622
669 1190
658 807
615 677
658 690
813 867
827 871
804 824
669 1190
658 807
615 641
690 824
807 824
690 804
634 866
690 807
827 871
615 677
615 650
658 824
641 650
684 1622
669 1190
658 807
1170 1613
615 641
690 824
658 690
600 698
634 866
690 807
606 621
658 824
621 649
616 692
684 1622
644 683
826 827
683 692
615 641
690 824
658 690
807 824
1190 1632
613 698
616 692
658 807
615 691
880 896
862 863
838 852
658 824
814 895
813 852
626 698
658 807
826 827
615 641
690 824
616 683
620 674
616 692
690 807
838 852
613 698
683 692
658 690
813 838
813 852
626 698
616 644
620 674
615 641
616 683
613 658
616 692
813 838
615 691
683 692
838 852
849 880
626 698
610 698
611 684
838 852
821 886
650 684
628 651
616 692
813 838
615 691
641 691
683 692
814 895
1651 1674
626 698
610 698
616 692
826 827
683 692
603 612
616 683
628 696
1632 1671
649 695
615 691
641 691
613 698
628 651
851 854
656 660
1170 1672
610 613
626 698
862 863
814 895
803 824
621 695
618 651
1181 1651
803 807
615 641
628 651
616 692
838 852
862 863
826 827
656 660
814 895
683 692
1170 1672
1629 1667
620 674
600 616
814 895
668 1662
1622 1645
894 895
1613 1657
1629 1667
606 641
628 651
616 692
1492 1674
862 863
660 681
656 660
618 651
626 698
616 644
626 698
620 683
1170 1672
826 827
889 895
636 660
644 658
1108 1618
628 651
634 866
620 626
814 895
600 658
613 685
814 889
1181 1674
620 696
683 1662
603 684
809 880
862 863
626 1657
654 1662
618 692
1108 1618
683 1657
654 1674
628 651
634 866
600 1657
1108 1671
1618 1628
1108 1632
636 1662
613 626
620 696
1629 1667
613 698
613 698
621 689
636 656
613 626
1632 1671
1108 1632
838 852
1108 1671
683 692
628 651
618 698
628 658
651 658
634 866
886 894
854 866
826 827
1622 1645
636 656
825 856
889 895
600 613
613 698
616 692
851 856
660 681
1190 1671
600 690
814 880
886 889
826 827
825 856
1601 1644
616 692
851 856
683 698
1618 1628
1190 1671
636 696
1170 1613
1492 1644
814 895
612 678
1601 1644
616 692
825 856
660 681
1632 1671
634 866
883 889
1649 1651
848 853
862 863
636 696
650 674
612 678
1108 1601
814 889
600 613
1632 1671
841 848
1613 1671
848 853
862 863
610 613
1622 1674
1181 1622
1170 1613
889 895
634 854
1181 1674
888 890
1632 1671
1170 1671
841 848
862 863
1618 1628
1651 1674
891 898
1613 1674
1492 1678
1181 1622
826 827
889 895
814 889
1629 1856
634 866
1622 1651
862 863
1632 1671
610 613
1108 1678
628 654
1618 1628
1181 1622
838 841
826 827
1645 1657
1108 1601
1629 1856
1622 1651
1651 1674
610 613
628 654
1108 1613
1657 1674
826 827
1645 1657
1164 1657
634 866
1181 1622
813 852
610 613
891 898
1622 1657
826 827
650 691
1164 1657
1632 1671
1181 1622
1108 1628
646 684
620 650
650 674
826 827
838 852
1164 1657
1632 1671
1181 1622
827 871
1108 1628
848 853
1613 1672
813 852
1671 1672
891 898
826 827
1164 1657
1632 1671
609 690
1108 1628
862 863
1618 1628
1613 1672
1181 1657
848 853
610 613
1622 1657
1108 1628
826 827
1108 1601
600 613
1632 1671
1181 1622
1660 1679
1651 1657
862 863
1613 1672
848 857
1181 1657
854 866
826 827
1164 1657
1632 1671
609 690
848 857
1170 1672
628 654
1181 1622
838 852
862 863
848 857
813 852
628 654
616 692
838 852
848 857
1181 1657
813 852
628 654
891 898
610 613
1622 1657
854 866
1164 1657
609 690
1651 1657
1618 1628
891 898
813 852
1651 1657
609 690
1108 1628
862 863
1618 1628
848 857
610 613
891 898
1632 1671
609 690
603 612
1618 1628
848 857
862 863
610 613
826 827
609 690
1108 1628
603 612
1618 1628
848 857
1622 1657
1108 1601
609 690
838 852
603 612
1618 1628
1181 1657
848 857
862 863
610 613
609 690
1622 1657
826 827
610 658
628 654
1651 1657
862 863
1618 1628
1170 1672
1181 1657
826 845
610 613
1645 1671
1622 1657
826 827
889 891
628 654
609 690
1660 1679
1651 1657
862 863
1181 1657
610 613
1492 1678
1622 1657
826 827
1632 1671
609 690
1651 1657
1618 1628
1181 1657
1492 1678
609 690
1622 1657
826 827
862 863
1618 1628
1181 1657
814 895
609 690
1622 1657
814 895
888 890
862 863
1181 1657
1492 1678
609 690
1622 1657
814 895
600 613
628 654
1651 1657
862 863
1181 1657
1492 1678
609 690
1622 1657
888 890
862 863
1618 1628
848 857
1181 1657
628 654
1622 1657
1144 1658
888 890
609 690
862 863
1181 1657
610 613
628 654
1622 1657
609 690
1645 1671
660 681
1613 1672
848 857
862 863
610 613
628 654
609 690
1622 1657
814 895
862 863
1613 1672
848 857
1181 1657
610 613
1492 1678
1622 1657
814 895
862 863
609 690
660 681
848 857
1181 1657
610 613
1492 1678
1622 1657
826 827
814 895
609 690
862 863
848 857
1181 1657
891 898
1622 1657
826 827
880 887
609 690
1651 1657
862 863
848 857
1181 1657
1622 1657
814 895
609 690
1651 1657
862 863
848 857
1181 1657
1622 1657
814 895
891 898
1164 1657
628 654
889 891
862 863
1618 1628
851 854
848 857
1181 1657
610 613
826 845
1622 1657
1164 1657
1492 1678
848 857
1181 1657
826 845
610 613
1622 1657
867 873
1108 1628
1618 1628
848 857
610 613
1492 1678
1108 1628
609 690
867 873
848 857
826 845
610 613
888 890
609 690
867 873
660 681
848 857
826 845
610 613
814 895
851 854
609 690
867 873
660 681
848 857
610 613
1492 1678
826 827
609 690
867 873
862 863
848 857
814 895
610 613
888 890
609 690
1108 1628
1618 1628
848 857
891 898
826 827
609 690
660 681
1618 1628
848 857
862 863
826 827
888 890
609 690
862 863
1618 1628
848 857
610 613
826 827
609 690
862 863
848 857
814 895
610 613
826 827
609 690
660 681
848 857
610 613
814 895
613 658
609 690
1629 1678
862 863
848 857
826 827
610 613
826 827
613 658
814 895
609 690
660 681
1618 1628
848 857
862 863
610 613
826 827
1629 1678
862 863
848 857
814 895
610 613
814 895
862 863
1618 1628
826 827
610 613
814 895
862 863
660 681
848 857
826 827
814 895
660 681
848 857
826 827
826 827
814 895
660 681
848 857
862 863
891 898
891 898
610 613
814 895
826 827
880 887
1618 1628
848 857
891 898
1618 1628
848 857
610 613
600 613
1618 1628
848 857
862 863
1618 1628
848 857
660 681
862 863
862 863
826 827
862 863
826 827
862 863
628 654
826 827
600 613
848 857
600 609
862 863
826 871
610 613
880 887
660 681
848 857
862 863
826 845
610 613
848 857
600 613
826 845
660 681
848 857
826 845
660 681
1108 1601
1144 1658
1629 1856
848 857
610 613
628 654
854 866
826 827
1144 1658
862 863
848 857
891 898
826 827
600 609
862 863
1613 1672
848 857
891 898
628 654
826 827
1613 1672
603 684
609 690
848 857
600 609
628 654
826 827
891 894
600 613
603 684
609 690
862 863
848 857
628 654
603 684
600 613
609 690
889 891
1108 1601
891 894
848 857
891 898
628 654
603 684
609 690
862 863
848 857
628 654
882 889
603 684
600 613
616 692
609 690
848 857
826 827
600 613
603 684
616 692
609 690
848 857
628 654
826 827
612 678
603 684
880 887
616 692
609 690
848 857
628 654
826 827
603 684
609 690
848 857
628 654
826 827
600 613
880 887
609 690
826 871
612 678
600 613
616 692
609 690
862 863
848 857
603 612
609 690
848 857
848 857
609 690
603 612
848 857
609 690
600 613
819 822
880 887
848 857
826 827
609 690
603 612
848 857
826 827
609 690
603 612
603 612
826 827
609 690
603 612
848 857
826 827
609 690
603 612
603 612
848 857
603 612
826 827
880 887
603 612
848 857
610 613
848 857
603 612
826 827
826 827
1632 1671
848 857
848 857
603 612
826 827
609 690
848 857
603 612
826 827
826 827
603 612
848 857
880 887
609 690
848 857
848 857
603 612
848 857
848 857
826 827
826 827
1164 1657
603 612
848 857
891 898
826 827
609 690
848 857
891 898
600 613
609 690
867 873
848 857
826 827
600 613
609 690
848 857
848 857
623 636
681 686
600 613
848 857
891 898
628 654
1629 1856
862 863
848 857
891 898
628 654
848 857
1629 1856
1657 1679
880 887
862 863
1629 1856
1657 1679
848 857
891 898
880 887
862 863
1657 1679
848 857
891 898
848 857
891 898
862 863
880 887
862 863
848 857
891 898
628 654
848 857
891 898
603 612
628 654
600 613
862 863
848 857
628 654
826 827
600 613
616 692
862 863
848 857
1181 1657
891 898
1632 1856
826 827
1164 1657
880 887
1181 1622
862 863
891 898
609 690
826 827
1629 1856
1181 1622
848 857
826 827
609 690
862 863
848 857
891 898
826 827
609 690
891 898
628 654
826 827
609 690
862 863
848 857
891 898
628 654
826 827
609 690
862 863
848 857
891 898
609 690
891 898
600 613
628 654
854 866
600 613
609 690
838 852
628 654
609 690
862 863
600 613
891 898
685 695
862 863
600 613
862 863
891 898
628 654
609 690
600 613
1181 1622
862 863
891 898
826 827
882 889
600 613
609 690
838 852
862 863
891 898
628 654
609 690
862 863
600 613
600 613
891 898
826 827
826 845
628 654
891 898
609 690
848 857
826 827
628 654
862 863
862 863
882 889
862 863
891 898
826 827
1181 1657
1622 1657
862 863
610 613
1622 1657
826 827
862 863
826 845
891 898
1181 1622
1622 1657
609 690
862 863
610 613
1622 1657
862 863
1181 1622
651 660
603 612
1622 1657
826 827
1613 1672
880 887
862 863
610 613
1622 1657
826 827
880 887
1181 1622
1651 1657
603 612
1613 1672
610 613
891 898
1622 1657
628 651
603 612
891 898
610 613
1622 1657
826 827
1181 1622
1181 1657
610 613
891 898
826 827
1645 1671
862 863
891 898
610 613
610 613
826 827
862 863
848 857
891 898
628 654
1622 1657
1651 1657
862 863
603 612
610 613
891 898
1622 1657
862 863
603 612
1181 1657
610 613
628 654
862 863
1181 1657
603 612
826 845
610 613
891 898
610 613
862 863
1181 1657
603 612
826 845
628 654
610 613
862 863
628 654
1170 1672
610 613
862 863
628 654
1170 1672
610 613
862 863
628 654
623 636
862 863
1170 1672
1181 1657
610 613
628 654
888 895
623 636
603 612
651 667
862 863
610 613
610 613
826 827
862 863
603 612
1613 1672
1181 1657
610 613
628 654
826 827
628 651
623 636
1181 1657
628 654
623 636
628 654
888 895
610 613
628 654
826 845
609 690
1170 1672
610 613
891 898
1181 1622
609 690
1170 1672
891 898
610 613
609 690
1181 1622
862 863
891 898
609 690
1181 1622
862 863
610 613
610 613
826 827
880 887
891 898
603 684
826 827
603 684
1660 1679
862 863
891 898
894 898
862 863
882 889
826 827
894 898
862 863
826 827
882 889
862 863
1170 1672
826 845
882 894
826 845
826 827
891 898
1108 1601
826 845
826 827
1622 1657
826 827
1108 1601
1181 1657
826 845
1622 1657
1108 1601
880 887
1622 1657
826 827
1108 1601
1622 1657
826 827
603 684
1108 1601
1181 1657
826 845
1622 1657
889 894
1108 1601
887 891
826 845
891 898
1622 1657
1108 1601
1181 1622
660 681
887 891
826 827
1108 1601
1181 1622
660 681
826 845
603 684
1108 1601
616 692
1181 1622
660 681
1108 1601
826 827
887 898
826 827
1108 1601
826 845
880 882
1622 1657
826 827
1108 1601
887 898
848 857
826 845
826 827
1622 1657
1108 1601
1622 1657
826 827
1108 1601
609 690
1108 1601
826 827
826 827
882 889
1108 1601
609 690
1651 1657
891 894
1170 1672
891 898
1148 1190
1108 1601
1651 1657
826 827
891 898
1108 1601
891 898
1651 1657
826 827
1108 1601
1651 1657
826 827
1108 1601
1651 1657
826 827
1632 1856
826 827
1108 1601
626 698
880 891
1651 1657
1170 1672
826 827
1108 1601
1622 1657
882 889
1108 1601
626 698
1170 1672
626 698
1108 1601
1108 1601
887 891
891 898
882 894
888 895
826 827
894 898
1108 1601
887 898
1651 1657
809 819
1622 1657
1108 1601
848 857
1181 1657
610 613
1108 1601
826 827
1181 1657
1108 1601
826 827
627 635
1181 1657
1108 1601
610 613
826 827
627 635
1108 1601
610 613
826 827
627 635
848 857
1108 1601
610 613
826 827
826 827
610 613
1108 1601
826 845
826 845
1108 1601
610 613
826 827
1108 1601
826 845
610 613
610 613
1108 1601
628 654
1108 1601
826 827
628 654
610 613
826 827
1108 1601
616 692
826 845
628 654
1108 1601
610 613
826 827
628 654
610 613
1108 1601
616 692
1622 1657
1108 1601
610 613
609 690
1108 1601
610 613
826 827
1108 1601
1181 1657
826 827
627 635
609 690
826 827
1108 1601
1108 1601
1622 1657
826 827
1108 1601
826 845
826 827
1622 1657
1622 1657
826 845
1622 1657
1622 1657
1622 1657
1108 1601
848 857
1622 1657
1108 1601
628 654
627 635
609 690
1622 1657
848 857
609 690
1108 1601
838 852
609 690
1622 1657
1108 1601
1181 1622
838 852
848 857
1181 1657
1651 1657
1108 1601
848 857
1181 1657
826 845
826 827
848 857
1181 1657
1651 1657
1108 1601
848 857
1181 1657
1108 1601
1651 1657
826 827
826 827
1108 1601
1181 1622
600 609
1651 1657
848 857
1181 1657
610 613
848 857
1181 1657
610 613
1651 1657
848 857
1181 1657
610 613
1108 1601
848 857
610 613
665 691
1108 1601
1181 1622
1651 1657
848 857
610 613
848 857
609 690
610 613
1651 1657
1108 1601
826 827
1108 1601
1181 1622
1651 1657
848 857
1181 1657
610 613
826 827
1108 1601
1181 1622
1651 1657
1181 1657
610 613
1622 1657
1108 1601
867 873
1651 1657
1613 1672
848 857
610 613
848 857
1181 1657
1622 1657
867 873
1108 1601
848 857
1181 1657
610 613
826 827
1181 1622
1170 1672
610 613
627 635
628 654
1181 1622
1170 1672
627 635
848 857
1181 1657
600 609
1181 1622
600 609
1170 1672
1181 1622
1181 1657
1622 1657
627 635
1181 1622
1181 1657
1622 1657
600 609
600 609
1181 1657
1108 1601
826 827
848 857
1181 1657
1622 1657
848 857
1181 1657
1622 1657
609 690
1170 1672
609 690
1622 1657
1651 1657
600 613
1622 1657
1651 1657
826 827
1108 1601
1622 1657
600 613
1108 1601
1622 1657
1651 1657
600 613
609 690
1622 1657
1651 1657
1108 1601
1613 1672
1657 1674
1622 1657
826 827
1660 1662
600 613
609 690
1660 1679
867 873
609 690
1622 1657
600 613
1657 1674
1622 1657
1660 1679
848 857
609 690
1622 1657
609 690
1108 1601
1622 1657
603 684
1181 1657
609 690
1108 1601
1181 1657
826 827
1164 1657
1108 1601
1622 1657
1164 1657
1181 1657
826 827
603 684
1108 1601
609 690
1651 1657
848 857
848 857
610 613
1651 1657
1108 1601
848 857
652 658
610 613
1651 1657
1108 1601
603 684
1108 1601
616 692
1651 1657
1181 1657
610 613
1181 1657
1651 1657
1108 1601
826 827
600 613
1108 1601
609 690
1651 1657
1181 1657
1181 1657
1622 1657
1651 1657
1108 1601
628 654
1622 1657
1108 1601
1181 1622
1651 1657
1181 1657
628 654
1181 1657
1622 1657
1108 1601
1622 1657
826 827
1108 1601
1651 1657
1613 1672
1181 1657
1181 1657
1622 1657
1108 1601
627 635
1622 1657
600 613
1108 1601
1651 1657
1181 1657
628 654
1622 1657
1651 1657
1108 1601
628 654
1622 1657
1108 1601
1651 1657
848 857
1181 1657
628 654
1622 1657
826 827
603 684
1108 1601
1651 1657
1181 1657
628 654
1657 1674
1622 1657
1108 1601
1651 1657
1181 1657
610 613
628 654
1657 1674
1622 1657
826 827
656 682
1108 1601
627 635
1651 1657
1181 1657
610 613
628 654
826 827
1108 1601
616 692
1181 1657
610 613
628 654
1622 1657
826 827
1108 1601
616 692
1651 1657
1649 1657
848 857
1181 1657
628 654
1622 1657
826 827
1164 1657
1108 1601
616 692
848 857
1181 1657
628 654
826 827
656 682
1108 1601
627 635
848 857
628 654
826 827
603 684
1108 1601
627 635
1632 1671
848 857
1181 1657
610 613
628 654
826 827
1108 1601
603 684
627 635
848 857
1181 1657
628 654
603 684
826 827
628 654
826 827
603 684
627 635
609 690
848 857
610 613
628 654
826 827
603 684
627 635
609 690
1660 1679
867 873
610 613
826 827
603 684
627 635
1660 1679
603 684
826 827
826 827
603 684
627 635
848 857
628 654
603 684
826 827
685 695
826 827
656 682
603 684
848 857
826 827
656 682
627 635
848 857
1108 1601
826 827
627 635
848 857
1108 1601
826 827
627 635
848 857
1108 1601
826 827
628 654
1108 1601
603 684
1622 1657
826 827
848 857
1108 1601
826 827
848 857
1108 1601
603 684
1622 1657
826 827
1108 1601
603 684
848 857
1181 1657
603 684
1108 1601
826 827
1181 1657
1622 1657
826 827
1108 1601
603 684
1181 1657
1108 1601
826 827
627 635
848 857
1622 1657
826 827
1108 1601
603 684
627 635
826 871
1108 1601
826 827
627 635
1181 1622
1108 1601
826 827
1622 1657
826 827
656 682
1108 1601
609 690
1181 1657
1108 1601
1622 1657
826 827
1181 1657
1108 1601
1622 1657
826 827
656 682
1181 1657
1108 1601
603 684
826 827
1613 1672
1108 1601
603 684
826 827
656 682
848 857
1108 1601
826 827
656 682
826 827
1108 1601
603 684
652 658
848 857
1108 1601
826 827
826 827
1108 1601
603 684
848 857
826 827
1108 1601
627 635
826 827
1108 1601
627 635
848 857
1622 1657
826 827
1108 1601
848 857
1622 1657
826 827
1108 1601
609 690
848 857
1181 1657
1108 1601
610 613
826 827
1108 1601
826 827
627 635
848 857
826 827
1108 1601
603 684
627 635
1164 1657
1181 1657
1108 1601
1164 1657
826 827
826 827
656 682
1108 1601
1164 1657
1181 1657
826 827
1108 1601
603 684
627 635
609 690
1108 1601
826 827
627 635
1108 1601
1622 1657
826 827
627 635
1108 1601
826 827
627 635
848 857
1108 1601
826 827
848 857
826 827
1108 1601
1164 1657
1108 1601
616 692
826 827
627 635
1164 1657
826 827
1108 1601
1164 1657
627 635
848 857
1181 1657
848 857
1108 1601
826 827
627 635
848 857
1108 1601
826 827
627 635
1108 1601
660 681
826 827
627 635
1181 1657
826 827
1108 1601
627 635
848 857
1181 1657
1108 1601
826 827
627 635
1181 1657
1108 1601
826 827
627 635
1181 1657
826 827
1108 1601
600 613
627 635
848 857
1181 1657
1108 1601
1164 1657
826 827
826 827
1164 1657
1108 1601
848 857
1181 1657
848 857
1108 1601
826 827
848 857
1108 1601
826 827
652 658
826 827
1108 1601
626 698
848 857
1181 1657
826 827
1108 1601
627 635
652 658
1181 1657
610 613
826 827
1108 1601
626 698
848 857
1181 1657
610 613
826 827
892 893
1108 1601
1660 1679
817 823
848 857
1181 1657
803 849
826 827
892 893
1108 1601
609 690
652 658
848 857
1181 1657
803 849
826 827
1108 1601
652 658
817 823
848 857
1181 1657
848 857
652 658
1108 1601
826 827
1181 1657
826 827
1108 1601
652 658
817 823
848 857
1181 1657
848 857
652 658
1108 1601
1181 1657
826 827
1108 1601
817 823
848 857
1181 1657
1622 1657
826 827
1108 1601
817 823
848 857
1181 1657
1622 1657
826 827
1108 1601
848 857
1181 1657
1148 1190
826 827
821 823
1108 1601
1629 1856
815 897
893 897
848 857
1181 1657
610 613
1148 1190
826 827
610 658
1108 1601
893 897
848 857
1181 1657
1148 1190
826 827
807 815
600 613
1181 1657
848 857
1170 1672
1492 1678
826 827
610 658
824 849
1190 1660
1144 1658
616 692
1645 1671
660 681
848 857
1181 1657
674 691
826 827
807 815
1601 1644
610 658
824 849
1144 1658
1492 1628
611 649
660 681
1645 1672
817 823
848 857
1181 1657
610 613
620 674
826 827
1660 1662
1601 1644
610 658
824 849
600 613
1108 1632
1629 1678
660 681
817 823
848 857
1181 1657
610 613
1629 1667
1108 1645
826 827
1657 1662
826 852
1108 1667
610 658
1181 1662
600 613
616 692
1629 1644
1181 1657
817 823
848 857
1170 1672
845 852
1601 1856
1649 1651
1181 1651
824 849
1601 1645
1181 1632
616 692
615 620
848 857
674 1144
1601 1667
656 682
1181 1651
613 652
1108 1632
623 651
1108 1671
1645 1671
1108 1190
848 857
616 692
627 651
635 651
638 641
685 695
656 682
1181 1651
615 620
1164 1657
627 635
615 691
1108 1671
635 651
848 857
638 689
644 651
674 1658
638 641
656 682
1181 1651
1164 1657
1190 1632
1108 1629
638 689
686 696
848 857
610 616
1164 1657
1181 1674
644 667
813 838
838 852
823 847
817 823
848 857
817 847
627 628
650 674
638 641
690 866
610 616
610 661
1164 1657
644 667
634 866
838 852
848 857
813 852
650 674
1492 1613
1108 1645
690 866
610 616
610 661
1164 1657
644 667
616 661
623 651
610 648
848 857
691 695
634 866
866 871
650 674
1108 1645
1492 1613
610 648
1164 1657
691 699
644 667
616 661
838 852
848 857
623 654
685 699
656 1645
684 1674
691 699
852 854
1613 1657
838 854
686 696
685 699
1148 1613
660 681
823 847
817 823
848 857
691 695
623 654
852 854
628 696
853 854
616 661
1164 1657
691 699
838 853
686 696
1148 1613
838 854
848 857
691 695
866 871
853 854
851 868
691 699
848 857
1148 1492
691 695
851 864
695 699
1492 1613
853 854
691 699
1190 1632
612 1657
848 857
674 1144
699 1632
641 684
684 699
853 854
838 853
650 1144
848 857
684 699
641 684
684 1632
852 853
648 651
641 699
628 651
641 1674
848 857
650 1667
826 827
684 699
641 684
684 1632
852 853
641 699
600 613
606 1622
674 1144
848 857
691 695
641 684
684 699
641 699
830 854
660 682
674 1144
848 857
813 852
810 869
810 843
641 684
852 853
684 1632
686 696
838 853
848 857
810 869
827 852
641 684
684 699
827 853
641 699
1164 1657
830 854
848 857
1492 1613
641 684
641 699
634 866
853 862
1632 1674
1629 1667
848 857
674 1144
866 871
810 843
628 866
634 866
830 843
634 871
638 689
848 857
674 1144
813 852
634 853
810 843
830 869
830 866
1164 1657
853 862
838 852
641 646
646 1613
674 1144
848 857
827 852
827 852
853 862
838 852
674 1144
848 857
810 843
848 857
853 862
827 830
853 862
848 857
813 852
651 654
853 862
827 830
848 857
1492 1613
854 866
853 862
827 830
848 857
674 1144
854 866
853 862
838 852
641 646
827 830
848 857
629 1613
854 866
826 827
853 862
826 830
641 646
848 857
826 848
826 827
853 862
650 1144
826 830
848 857
629 1613
826 857
826 827
826 830
848 857
810 843
623 654
810 869
826 827
853 862
810 853
826 857
848 857
810 843
676 843
848 857
826 827
623 654
830 871
810 843
848 857
810 843
848 857
827 871
827 871
848 857
827 871
810 843
838 852
838 852
827 871
888 890
888 890
806 880
891 898
888 890
891 898
888 890
891 898
891 898
888 890
891 898
809 880
888 890
891 898
809 880
888 890
888 890
809 880
891 898
806 880
814 895
888 890
891 898
814 895
888 890
891 898
814 895
888 890
814 895
888 890
891 898
814 895
888 890
827 871
814 895
888 890
814 895
827 871
806 887
827 871
889 894
888 890
814 895
889 894
882 889
888 890
827 871
848 857
814 895
882 894
827 871
888 890
848 857
888 890
891 898
888 890
891 898
888 890
888 890
888 890
888 890
882 889
888 890
888 890
814 895
888 890
848 857
814 895
882 889
814 895
848 857
891 898
814 895
888 890
848 857
891 898
848 857
814 895
888 890
848 857
814 895
848 857
827 871
814 895
888 890
848 857
848 857
880 891
848 857
880 891
848 857
891 894
848 857
848 857
809 819
641 646
848 857
641 646
848 857
848 857
810 843
809 895
848 857
891 898
848 857
810 843
848 857
810 843
848 857
809 812
848 857
838 852
618 692
848 857
838 852
848 857
880 887
848 857
644 667
848 857
644 667
644 667
641 646
618 692
812 880
848 857
848 857
618 692
812 880
848 857
814 895
618 692
812 880
848 857
809 812
812 880
848 857
812 880
814 880
644 667
812 880
848 857
809 819
809 812
848 857
809 819
809 812
812 880
848 857
618 692
841 873
644 667
806 887
848 857
809 812
848 857
809 812
806 887
644 667
848 857
809 812
644 667
848 857
644 667
848 857
889 891
810 843
644 667
848 857
644 667
812 880
810 843
644 667
806 887
812 880
848 857
848 857
810 843
812 880
848 857
891 894
812 880
848 857
891 898
882 894
848 857
891 898
644 667
822 880
644 667
848 857
891 898
848 857
819 880
809 880
819 880
644 667
809 880
848 857
891 898
848 857
819 880
809 880
848 857
809 880
848 857
819 880
848 857
819 880
806 887
848 857
809 880
812 887
848 857
819 880
809 880
848 857
819 880
809 880
806 887
814 895
819 880
809 880
848 857
814 895
819 880
809 880
848 857
812 887
819 880
809 880
806 887
848 857
812 887
814 895
819 880
809 880
806 887
848 857
848 857
827 871
809 880
819 880
848 857
827 871
809 880
814 895
819 880
644 667
809 880
848 857
891 898
891 894
644 667
827 871
809 880
848 857
891 898
644 667
809 880
806 887
848 857
819 880
644 667
809 880
848 857
891 898
819 880
641 646
806 887
644 667
809 812
644 667
891 898
809 812
848 857
891 898
848 857
644 667
848 857
644 667
848 857
814 895
644 667
848 857
809 812
891 898
809 812
891 898
667 698
809 812
848 857
827 871
848 857
809 812
812 880
806 809
812 880
848 857
891 898
809 812
809 812
806 809
814 895
827 871
812 880
848 857
848 857
610 698
812 880
814 895
838 852
812 880
848 857
809 812
848 857
838 852
644 667
848 857
838 852
809 812
644 667
806 887
848 857
603 618
812 880
848 857
812 887
848 857
838 852
848 857
891 898
848 857
891 898
610 698
891 898
610 698
848 857
848 857
838 852
891 898
848 857
610 698
644 667
838 852
848 857
610 698
848 857
838 852
610 698
848 857
822 887
610 698
1613 1658
644 667
806 887
848 857
809 812
610 698
806 887
812 880
848 857
610 698
610 698
838 852
812 880
848 857
809 819
886 895
809 812
610 698
814 895
814 886
812 880
848 857
809 819
886 895
809 812
610 698
814 895
838 852
812 880
848 857
814 886
809 812
610 698
814 895
848 857
809 819
809 812
610 698
809 812
809 819
644 667
610 698
806 819
809 812
641 699
644 667
812 880
848 857
809 812
610 698
848 857
812 880
891 894
610 698
848 857
812 880
809 812
610 698
848 857
812 880
610 698
848 857
848 857
812 880
610 698
848 857
809 819
610 698
848 857
812 880
610 698
806 822
812 880
848 857
809 819
610 698
644 667
812 880
848 857
610 698
827 871
812 880
848 857
610 698
880 887
827 871
848 857
891 898
610 698
848 857
827 871
610 698
848 857
827 871
1164 1657
610 698
1622 1657
1164 1657
880 887
827 871
848 857
891 898
610 698
1622 1657
1164 1657
880 887
644 698
644 667
848 857
1164 1622
610 698
667 698
1164 1657
644 667
838 852
848 857
610 698
848 857
809 819
880 887
610 698
848 857
610 698
848 857
644 667
610 698
848 857
809 819
644 667
610 698
848 857
644 667
610 698
644 667
806 822
848 857
610 698
848 857
610 698
610 698
610 626
880 887
626 698
848 857
610 698
641 699
848 857
610 677
610 698
610 626
880 887
677 698
610 677
610 698
1108 1618
641 699
610 698
1108 1618
1108 1671
641 699
1108 1644
1108 1644
1108 1671
854 866
848 857
669 698
1108 1644
641 699
1108 1671
848 857
669 698
669 677
1108 1671
806 822
848 857
1601 1629
1628 1671
806 880
880 887
1629 1856
1671 1674
848 857
1601 1629
891 898
610 698
646 1645
880 887
699 1645
669 677
610 698
641 1645
641 699
880 887
699 1645
806 822
848 857
809 819
848 857
646 699
641 699
806 822
641 1645
641 699
644 667
806 822
669 677
646 699
646 1645
669 677
812 880
644 667
641 677
848 857
641 669
641 677
809 880
1629 1667
641 669
809 819
848 857
809 880
1629 1667
848 857
809 880
848 857
806 822
806 887
806 822
848 857
891 898
809 812
814 886
848 857
891 898
814 895
848 857
814 895
848 857
814 895
848 857
891 898
848 857
891 898
814 895
814 895
806 822
812 880
848 857
809 812
848 857
822 887
822 880
880 887
812 880
848 857
848 857
814 895
822 887
848 857
809 812
848 857
814 895
848 857
677 1148
814 895
669 677
848 857
814 895
848 857
810 843
814 895
848 857
669 677
848 857
814 895
669 677
814 895
827 871
812 880
848 857
810 843
809 812
812 880
814 895
812 880
848 857
809 812
848 857
809 812
812 880
812 880
848 857
809 812
814 895
806 887
812 880
848 857
809 812
814 895
827 871
848 857
812 887
669 677
809 812
827 871
809 880
848 857
809 812
827 871
812 880
848 857
809 812
848 857
827 871
809 812
812 880
827 871
812 880
848 857
812 887
809 812
848 857
809 812
812 880
848 857
827 871
848 857
827 871
812 880
848 857
827 871
812 880
848 857
827 871
814 895
814 895
827 871
848 857
810 843
848 857
814 895
669 677
848 857
806 887
814 895
848 857
814 895
669 677
814 895
809 880
806 887
848 857
848 857
814 895
812 880
848 857
806 887
814 895
812 880
848 857
810 843
814 895
806 887
848 857
806 887
814 895
848 857
812 880
848 857
891 898
848 857
891 898
814 895
848 857
810 843
814 895
806 887
848 857
810 843
814 895
809 812
848 857
814 895
810 843
819 880
848 857
814 895
812 887
848 857
819 880
814 895
814 895
819 880
848 857
812 887
891 898
814 895
819 880
848 857
669 677
814 895
819 880
848 857
891 898
809 812
814 895
812 819
809 880
848 857
809 819
809 812
848 857
809 819
810 843
809 812
814 895
822 880
848 857
809 812
848 857
810 843
814 895
848 857
809 819
814 895
848 857
891 898
814 895
809 812
848 857
810 843
814 895
809 812
810 843
848 857
814 895
809 812
810 843
806 887
848 857
814 895
891 898
809 819
809 812
810 843
880 887
806 887
848 857
814 895
891 898
809 812
810 843
809 880
806 887
668 1658
848 857
814 895
891 898
669 1658
809 812
814 895
806 887
812 880
848 857
668 1658
669 1658
810 843
891 894
668 1658
848 857
814 895
809 812
894 898
848 857
668 1658
809 812
814 895
887 895
668 1658
848 857
810 843
809 812
810 843
887 895
880 887
819 887
848 857
814 895
848 857
668 1658
887 895
810 843
887 895
668 1658
848 857
814 895
814 887
814 895
669 677
806 822
848 857
810 843
814 887
668 1658
810 843
668 1658
848 857
814 895
891 898
669 677
848 857
810 843
814 895
669 677
668 1658
848 857
668 1658
814 895
812 880
814 895
891 894
668 1658
848 857
810 843
891 898
848 857
810 843
814 895
880 887
810 843
668 669
814 895
848 857
822 887
848 857
810 843
814 895
668 1658
810 843
848 857
668 1658
669 677
810 843
814 895
880 887
848 857
668 1658
814 887
810 843
819 822
848 857
814 887
810 843
880 887
848 857
668 1658
814 887
669 677
810 843
668 669
880 887
819 822
848 857
668 1658
669 1658
814 895
880 887
819 822
848 857
810 843
814 887
810 843
814 887
822 880
819 822
848 857
814 895
669 1658
810 843
880 895
822 880
880 887
891 894
812 880
848 857
826 827
809 812
810 843
880 887
848 857
668 1658
848 857
810 843
880 887
814 895
880 887
848 857
810 843
806 819
814 895
634 866
810 843
848 857
810 843
814 888
809 880
848 857
814 895
888 895
814 895
848 857
810 843
888 895
848 857
810 843
810 843
880 887
819 822
848 857
826 827
848 857
810 843
880 887
813 854
854 866
814 895
880 887
848 857
810 843
867 868
848 857
814 895
810 843
848 857
814 895
810 843
620 622
848 857
814 895
810 843
810 843
822 880
634 866
848 857
813 873
812 822
848 857
813 873
810 843
848 857
819 895
810 843
848 857
814 895
810 843
819 895
813 854
813 841
810 843
822 880
848 857
848 857
810 843
814 895
848 857
810 843
814 895
812 822
668 669
814 895
810 843
848 857
848 857
810 843
814 895
668 669
848 857
810 843
812 822
822 880
848 857
812 887
810 843
848 857
810 843
848 857
668 669
806 809
810 843
848 857
810 843
669 1658
848 857
819 887
810 843
848 857
668 1658
810 843
814 895
848 857
810 843
848 857
806 887
810 843
848 857
669 841
669 1658
668 841
848 857
668 669
669 841
668 841
810 843
848 857
669 841
809 822
806 887
848 857
669 841
809 822
806 887
806 809
814 895
669 841
848 857
669 1658
841 1658
810 843
669 841
848 857
669 1658
848 857
669 841
810 843
838 852
848 857
826 827
810 843
838 852
669 841
669 841
814 895
809 880
810 843
814 887
669 841
812 880
810 843
814 887
814 895
822 888
669 841
810 843
814 887
810 843
669 841
880 887
814 887
813 853
822 888
669 841
813 853
880 888
641 857
814 895
668 669
669 841
668 841
813 838
668 669
668 841
641 871
669 841
813 854
669 841
852 855
668 669
669 841
668 669
669 841
814 895
853 854
669 841
669 841
810 813
855 873
669 841
809 812
669 841
891 894
814 819
669 841
855 873
814 819
669 841
814 895
809 812
855 873
669 841
809 819
810 873
669 841
669 841
669 841
809 819
669 841
669 841
668 669
669 841
841 1658
669 841
668 669
668 669
841 1658
668 841
610 698
841 849
892 893
841 849
892 896
807 893
841 849
803 841
887 894
641 887
807 893