621 687
658 683
621 687
616 628
616 628
616 628
616 692
601 690
616 628
663 686
616 692
663 686
601 690
601 616
601 692
601 690
601 616
663 686
616 692
690 692
601 692
616 658
601 692
616 692
601 690
601 616
601 692
663 686
616 692
663 686
628 692
616 628
616 692
628 692
828 836
616 628
892 893
616 692
628 692
616 628
628 692
616 628
828 836
616 692
663 686
828 836
880 887
616 692
828 836
616 692
828 836
635 661
621 687
663 686
628 636
658 690
663 696
616 683
828 836
621 687
663 686
828 836
635 661
828 836
663 696
828 836
692 696
663 683
686 696
683 696
663 696
616 696
692 696
686 696
663 692
828 836
663 696
616 686
828 836
692 696
663 683
686 696
663 692
683 696
683 696
616 686
828 836
686 696
692 696
828 836
616 663
692 696
663 683
686 696
683 696
828 836
663 696
686 696
692 696
828 836
686 696
658 690
892 893
828 836
663 696
893 896
635 858
828 836
627 635
893 896
686 696
828 836
627 635
892 893
828 836
663 696
635 661
828 836
663 696
627 635
635 661
806 809
828 836
892 893
828 836
868 893
828 836
828 836
663 696
828 836
663 696
892 893
828 836
663 696
828 836
828 836
828 836
828 836
828 836
828 836
828 836
828 836
828 836
828 836
828 836
828 836
828 836
828 836
828 836
828 836
828 836
828 836
828 836
828 836
828 836
828 836
828 836
828 836
828 836
828 836
828 836
828 836
828 836
828 836
828 836
828 836
686 696
828 836
658 690
828 836
828 836
828 836
828 836
828 836
828 836
828 836
828 836
828 836
828 836
828 836
828 836
828 836
828 836
828 836
828 836
828 836
828 836
828 836
828 836
828 836
828 836
828 836
828 836
828 836
828 830
828 836
828 836
828 836
828 836
663 696
828 836
828 836
828 836
663 696
828 836
828 836
828 836
828 836
828 836
828 836
828 836
663 696
828 836
828 836
828 836
828 836
828 836
828 836
828 836
828 836
828 836
828 836
828 836
828 836
828 836
828 836
828 836
828 836
828 836
828 836
828 836
828 836
828 836
828 836
828 836
828 836
828 836
828 836
828 836
828 836
828 836
828 836
828 836
828 836
828 836
828 836
828 836
828 836
828 836
828 836
828 836
828 836
828 836
828 836
828 836
828 836
828 836
828 836
828 836
828 836
828 836
828 836
828 836
828 836
828 836
828 836
828 836
828 836
828 836
828 836
828 836
828 836
828 836
686 696
663 686
686 696
686 696
663 696
663 696
663 686
663 696
686 696
663 696
658 690
616 683
601 690
674 677
828 836
892 893
834 864
833 869
809 869
833 834
834 869
833 869
831 860
831 860
831 860
831 860
620 677
620 677
831 860
602 677
831 860
841 869
1108 1644
602 620
602 620
620 677
602 620
620 669
602 620
620 669
841 854
602 620
620 677
860 869
831 869
661 683
613 654
654 690
683 1856
620 677
661 683
661 683
620 669
1108 1644
661 683
1108 1644
860 864
1632 1671
1148 1856
620 669
661 683
654 854
860 869
1644 1856
1632 1671
620 669
860 869
1108 1644
602 603
1632 1671
1108 1856
620 669
860 869
1108 1856
1632 1671
860 869
609 661
1644 1856
852 1613
609 661
1170 1613
602 603
620 677
860 869
609 661
860 869
1632 1856
831 860
860 864
607 1657
852 1170
832 834
860 869
1632 1856
615 1190
826 860
615 1662
654 694
860 869
635 663
635 667
635 648
683 698
620 669
807 875
654 694
860 869
831 860
654 690
650 1144
683 698
654 698
860 864
1613 1632
860 869
831 860
609 661
851 858
646 1674
1190 1662
860 864
610 626
646 1662
1613 1632
860 869
831 860
683 698
1190 1632
644 648
860 869
609 661
841 852
1632 1686
831 860
1190 1632
826 860
1181 1622
860 864
682 690
860 869
852 854
609 661
682 690
827 832
663 686
635 648
628 644
832 834
860 869
609 661
1632 1856
852 854
826 860
663 686
860 864
635 648
836 898
610 654
1492 1613
609 661
860 863
1632 1856
852 854
857 863
853 854
860 864
663 686
826 860
825 826
860 869
660 681
826 836
1190 1686
635 648
832 834
648 681
1492 1613
860 863
841 852
667 686
863 864
826 860
831 863
825 826
663 686
1613 1672
832 836
635 648
606 615
1492 1613
609 661
841 852
825 826
683 692
826 836
1613 1672
635 648
1492 1613
825 826
1613 1672
1190 1686
1170 1672
832 834
1492 1613
827 832
841 852
853 854
825 826
1190 1686
1170 1672
832 834
1492 1613
827 832
841 852
825 826
1190 1686
830 836
832 834
1492 1613
841 852
825 826
683 698
1190 1686
1170 1672
832 834
1492 1613
853 889
836 860
841 852
825 826
853 854
683 698
660 681
826 836
831 864
832 834
1492 1613
853 854
600 613
825 826
683 698
660 681
832 836
635 648
1492 1613
853 854
683 698
636 660
827 836
1190 1686
635 648
660 681
1492 1613
821 889
683 698
660 681
841 852
1492 1613
843 860
600 613
683 698
636 660
660 681
860 864
827 836
819 821
1492 1613
852 853
841 853
600 613
834 836
683 698
636 660
827 836
860 864
660 681
827 834
832 834
1492 1613
600 623
683 698
636 660
660 681
1613 1672
860 864
826 838
832 834
636 681
683 698
636 660
660 681
827 834
832 834
836 843
1492 1613
609 661
1649 1651
600 613
807 889
683 698
660 681
860 864
827 834
628 644
832 834
836 843
1492 1613
1649 1651
636 660
600 613
683 698
1632 1856
660 681
827 834
832 834
1492 1613
1649 1651
636 660
600 613
683 698
663 686
1632 1856
660 681
832 834
1492 1613
1649 1651
1181 1622
683 698
636 660
660 681
635 648
832 834
1492 1613
1649 1651
683 698
663 686
660 681
1492 1613
1649 1651
663 686
660 681
810 854
1492 1613
860 873
1181 1622
663 686
660 681
1649 1651
660 681
832 834
636 660
810 854
660 681
832 834
836 843
838 841
860 873
636 660
660 681
1613 1672
832 834
636 660
1632 1856
636 660
1632 1856
832 834
1170 1672
1181 1622
1492 1613
810 854
810 854
660 681
832 834
1181 1622
1190 1686
832 834
807 889
1181 1622
860 863
832 834
1190 1686
1181 1622
1108 1644
1181 1622
1170 1672
832 834
832 834
1181 1622
660 681
635 648
832 834
635 648
1170 1672
831 869
1181 1622
635 648
832 834
1181 1622
635 648
832 834
860 863
831 869
860 864
832 834
1181 1622
660 681
832 834
660 681
832 834
1181 1622
660 681
832 834
1181 1622
660 681
832 834
1181 1622
660 681
832 834
1181 1622
1108 1601
660 681
832 834
1181 1622
660 681
832 834
1181 1622
1108 1601
660 681
807 889
1181 1622
1108 1601
838 841
660 681
1181 1622
1108 1601
807 889
660 681
682 690
1108 1644
1108 1601
1181 1622
660 681
1190 1686
1170 1672
1170 1672
660 681
1108 1601
807 889
1108 1601
1108 1644
660 681
1170 1672
1108 1601
1181 1622
1170 1672
1108 1601
1190 1686
1181 1622
1108 1601
807 889
1181 1622
660 681
1181 1622
1108 1644
807 889
628 644
831 869
660 681
1170 1672
867 873
660 681
807 889
867 873
1181 1622
1667 1856
807 889
635 648
636 660
807 889
660 681
867 873
832 834
867 873
832 834
1613 1672
609 661
1108 1644
1660 1662
660 681
1613 1672
832 834
609 661
867 873
832 834
660 681
1181 1622
832 834
1190 1686
838 841
1190 1686
636 660
832 834
1190 1686
1667 1856
1181 1622
636 660
660 681
1190 1686
860 873
660 681
636 660
683 692
1190 1686
1170 1672
1613 1672
1613 1672
832 834
1190 1686
826 838
826 838
1613 1672
1181 1622
826 838
1613 1672
1181 1622
826 838
1170 1672
1108 1644
660 681
826 838
1181 1622
1170 1672
1108 1644
660 681
635 648
1181 1622
609 661
660 681
888 890
1170 1672
609 661
683 698
660 681
832 834
609 661
683 698
1108 1644
832 834
1190 1686
609 661
683 698
660 681
832 834
1170 1672
609 661
683 698
832 834
1170 1672
609 661
683 698
831 869
660 681
1170 1672
683 698
1170 1672
683 698
832 834
1170 1672
683 698
832 834
609 661
1108 1644
1181 1622
683 698
1170 1672
832 834
609 661
888 890
683 698
660 681
860 864
1170 1672
832 834
1181 1622
683 698
832 834
683 698
831 869
867 873
832 834
683 698
867 873
832 834
609 661
1108 1644
683 698
807 889
1181 1622
609 661
683 698
867 873
660 681
1170 1672
609 661
1108 1644
1667 1856
888 890
1181 1622
683 698
660 681
1170 1672
1181 1622
683 698
660 681
609 661
1667 1856
1181 1622
683 698
660 681
1613 1672
609 661
600 613
1181 1622
683 698
660 681
1613 1672
1181 1622
600 613
683 698
660 681
609 661
600 613
1181 1622
683 698
660 681
832 834
1181 1622
600 613
683 698
660 681
1181 1622
600 613
683 698
660 681
1181 1622
600 613
683 698
1108 1644
660 681
600 613
1181 1622
683 698
636 660
660 681
1190 1686
832 834
1181 1622
683 698
832 834
1190 1686
1181 1622
683 698
682 690
832 834
1190 1686
1181 1622
683 698
660 681
832 834
807 889
1181 1622
683 698
660 681
1190 1686
1170 1672
832 834
1108 1644
1181 1622
683 698
867 873
660 681
1613 1672
832 834
683 698
660 681
1181 1622
600 613
683 698
867 873
660 681
683 698
660 681
683 698
660 681
683 698
660 681
1181 1622
683 698
660 681
860 873
683 698
831 869
660 681
683 698
660 681
1181 1622
683 698
660 681
1181 1622
683 698
831 869
660 681
1181 1622
683 698
660 681
1181 1622
683 698
682 690
1181 1622
683 698
636 660
682 690
683 698
636 660
682 690
1181 1622
683 698
682 690
1181 1622
683 698
682 690
1181 1622
683 698
867 873
660 681
1181 1622
683 698
660 681
1181 1622
683 698
636 660
1181 1622
1667 1856
683 698
636 660
660 681
1667 1856
1181 1622
683 698
636 660
660 681
1190 1686
1181 1622
683 698
636 660
660 681
1190 1686
1181 1622
683 698
636 660
1190 1686
1181 1622
683 698
636 660
1190 1686
1181 1622
683 698
660 681
1190 1686
683 698
660 681
1190 1686
1181 1622
683 698
660 681
1190 1686
1181 1622
683 698
660 681
1190 1686
1181 1622
683 698
660 681
1492 1613
1181 1622
683 698
660 681
1181 1622
1170 1672
683 698
660 681
1492 1613
1181 1622
683 698
660 681
1613 1672
1170 1672
1181 1622
1492 1613
683 698
1492 1613
1181 1622
683 698
660 681
1492 1613
1181 1622
683 698
660 681
1170 1672
1492 1613
1181 1622
683 698
636 660
660 681
1181 1622
1170 1672
683 698
636 660
660 681
683 698
636 660
660 681
1190 1686
827 834
1492 1613
600 613
1181 1622
683 698
636 660
660 681
1190 1686
1492 1613
1181 1622
683 698
636 660
660 681
1492 1613
600 613
888 890
683 698
636 660
660 681
827 834
1492 1613
1181 1622
683 698
636 660
660 681
827 834
600 613
1181 1622
683 698
636 660
660 681
1170 1672
683 698
636 660
660 681
827 834
1144 1662
831 869
1181 1622
683 698
636 660
660 681
1170 1672
827 834
609 661
600 613
1181 1622
683 698
636 660
660 681
827 834
1181 1622
600 613
683 698
636 660
660 681
600 613
682 690
1181 1622
683 698
636 660
660 681
1181 1622
609 661
683 698
636 660
600 613
1181 1622
683 698
600 613
1181 1622
683 698
682 690
1181 1622
827 834
683 698
1181 1622
683 698
660 681
827 834
1492 1613
1181 1622
683 698
660 681
827 834
1492 1613
1181 1622
683 698
660 681
1170 1672
827 834
1492 1613
1181 1622
683 698
636 660
660 681
1170 1672
827 834
1492 1613
1181 1622
683 698
636 660
660 681
1170 1672
1492 1613
1181 1622
683 698
636 660
660 681
827 834
1181 1622
683 698
660 681
827 834
1181 1622
683 698
1492 1613
1181 1622
683 698
660 681
827 834
1181 1622
683 698
660 681
827 834
860 864
1492 1613
1181 1622
683 698
636 660
660 681
1170 1672
1181 1622
683 698
636 660
660 681
1613 1672
827 834
1181 1622
683 698
660 681
827 834
1181 1622
860 863
660 681
683 698
1181 1622
860 863
636 660
660 681
683 698
1181 1622
683 698
1181 1622
683 698
827 834
1181 1622
683 698
1190 1686
860 863
1649 1651
1181 1622
683 698
660 681
1190 1686
860 863
636 681
1181 1622
683 698
660 681
1190 1686
860 863
1181 1622
683 698
636 660
660 681
1190 1686
1649 1651
1181 1622
683 698
636 660
827 834
1181 1622
636 660
683 698
1649 1651
1181 1622
683 698
1649 1651
660 681
1190 1686
1108 1601
1181 1622
683 698
636 660
660 681
1190 1686
831 869
1108 1601
1181 1622
683 698
1190 1686
1170 1672
827 834
860 863
831 869
1108 1601
1181 1622
683 698
1190 1686
1170 1672
1649 1651
1108 1601
1181 1622
683 698
636 660
1613 1672
827 834
1181 1622
860 863
831 869
838 841
826 841
648 681
683 698
660 681
1613 1672
1181 1622
860 863
648 681
683 698
660 681
1613 1672
1190 1686
860 863
831 869
1181 1622
683 698
636 660
827 834
1181 1622
636 660
683 698
831 869
1667 1856
831 869
1181 1622
683 698
636 660
660 681
1667 1856
831 869
600 613
1181 1622
683 698
660 681
1613 1672
827 834
867 868
1667 1856
831 869
600 613
1181 1622
683 698
636 660
1613 1672
827 834
1667 1856
1181 1622
683 698
636 660
600 613
1667 1856
600 613
1181 1622
683 698
636 660
660 681
648 681
1667 1856
831 869
1181 1622
683 698
660 681
1181 1622
683 698
831 869
660 681
1181 1622
683 698
636 660
660 681
1190 1686
1181 1622
600 613
683 698
1649 1651
660 681
1181 1622
600 613
683 698
660 681
1170 1672
1181 1622
600 613
683 698
1649 1651
660 681
1181 1622
600 613
683 698
660 681
1181 1622
600 613
683 698
660 681
1181 1622
600 613
683 698
636 660
660 681
1181 1622
600 613
683 698
636 660
660 681
600 613
683 698
636 660
660 681
628 644
636 660
683 698
831 869
600 613
609 661
600 613
683 698
636 660
660 681
1190 1686
1170 1672
628 644
660 681
683 698
831 869
600 613
1613 1672
831 869
600 613
683 698
1613 1672
1190 1686
1170 1672
1170 1672
683 698
636 660
832 834
1649 1651
888 890
683 698
636 660
660 681
1170 1672
838 841
1649 1651
683 698
636 660
1170 1672
832 834
1649 1651
868 869
600 613
683 698
636 660
660 681
1613 1672
868 869
683 698
636 660
660 681
832 834
636 660
683 698
1649 1651
660 681
832 834
636 660
683 698
1649 1651
1649 1651
868 869
1181 1622
683 698
636 660
660 681
1181 1622
636 660
1649 1651
683 698
1181 1622
636 660
683 698
1649 1651
888 890
1181 1622
683 698
636 660
860 873
636 660
683 698
831 869
1667 1856
683 698
660 681
888 890
832 834
1667 1856
683 698
888 890
832 834
609 661
683 698
660 681
888 890
1108 1601
609 661
683 698
660 681
609 661
1667 1856
888 890
683 698
660 681
1190 1686
1170 1672
609 661
860 863
683 698
1190 1686
860 863
600 613
888 890
1181 1622
683 698
636 660
660 681
1190 1686
832 834
600 613
1181 1622
683 698
636 660
660 681
832 834
1181 1622
860 863
683 698
832 834
860 863
600 613
1181 1622
683 698
660 681
1190 1686
832 834
1667 1856
600 613
1181 1622
683 698
660 681
1190 1686
832 834
1667 1856
831 869
888 890
1181 1622
683 698
1190 1686
832 834
860 863
1667 1856
831 869
888 890
1181 1622
683 698
1190 1686
832 834
1181 1622
860 863
660 681
683 698
1190 1686
860 863
888 890
1181 1622
683 698
867 873
1190 1686
1181 1622
683 698
636 660
867 873
1190 1686
1667 1856
1181 1622
683 698
636 660
867 873
1649 1651
1667 1856
867 873
1181 1622
683 698
636 660
860 863
867 873
1181 1622
683 698
636 660
860 863
888 890
1181 1622
683 698
867 873
660 681
860 863
1181 1622
683 698
867 873
832 834
860 863
1649 1651
1667 1856
1181 1622
683 698
867 873
660 681
1667 1856
888 890
1181 1622
683 698
867 873
660 681
860 863
888 890
1181 1622
683 698
867 873
660 681
1181 1622
683 698
1649 1651
867 873
1190 1686
1181 1622
683 698
636 660
1181 1622
636 660
860 863
1649 1651
683 698
1181 1622
636 660
683 698
1649 1651
867 873
838 841
1649 1651
831 869
860 863
1181 1622
683 698
636 660
838 841
867 873
682 690
1181 1622
683 698
636 660
1613 1672
1181 1622
683 698
636 660
1667 1856
867 873
1181 1622
683 698
636 660
660 681
1667 1856
831 869
682 690
1181 1622
683 698
867 873
660 681
1613 1672
1667 1856
1181 1622
683 698
867 873
660 681
1613 1672
1649 1651
1667 1856
831 869
682 690
1181 1622
683 698
867 873
660 681
1613 1672
1649 1651
1667 1856
1181 1622
683 698
867 873
660 681
832 834
860 863
1649 1651
1667 1856
600 613
1181 1622
683 698
867 873
660 681
1613 1672
1190 1686
860 863
1667 1856
636 660
1181 1622
683 698
867 873
660 681
1613 1672
1667 1856
1181 1622
683 698
867 873
660 681
1613 1672
832 834
1667 1856
831 869
1181 1622
683 698
867 873
660 681
1613 1672
832 834
1649 1651
1667 1856
1181 1622
683 698
867 873
660 681
832 834
1649 1651
1667 1856
831 869
867 873
1181 1622
683 698
636 660
1649 1651
1667 1856
1181 1622
683 698
867 873
1613 1672
1667 1856
1181 1622
683 698
683 698
636 660
867 873
1170 1672
683 698
867 873
832 834
1613 1672
682 690
683 698
867 873
832 834
636 660
860 863
867 873
660 681
683 698
831 869
867 873
683 698
636 660
660 681
1170 1672
683 698
867 873
660 681
683 698
636 660
683 698
636 660
682 690
607 681
683 698
636 660
683 698
636 660
1164 1657
607 681
683 698
636 660
867 873
832 834
683 698
636 660
867 873
1667 1856
831 869
683 698
867 873
1667 1856
600 613
683 698
831 869
867 873
683 698
867 873
1170 1672
683 698
867 873
832 834
683 698
831 869
867 873
832 834
1181 1622
683 698
831 869
867 873
807 889
609 661
683 698
867 873
682 690
1170 1672
682 690
683 698
867 873
1613 1672
1170 1672
832 834
682 690
683 698
867 873
660 681
1190 1686
1170 1672
832 834
1667 1856
683 698
867 873
682 690
636 660
683 698
867 873
682 690
683 698
867 873
832 834
682 690
683 698
867 873
682 690
1649 1651
1667 1856
682 690
683 698
867 873
660 681
1170 1672
832 834
1667 1856
683 698
867 873
832 834
1667 1856
1181 1622
683 698
867 873
664 832
832 834
636 660
683 698
867 873
832 834
1667 1856
683 698
636 660
867 873
832 834
1649 1651
867 873
682 690
683 698
636 660
832 834
683 698
867 873
832 834
1649 1651
867 873
683 698
636 660
660 681
1190 1686
832 834
683 698
867 873
664 832
832 834
664 832
683 698
867 873
660 681
1190 1686
628 644
832 834
1170 1672
683 698
867 873
660 681
832 834
683 698
867 873
660 681
1667 1856
860 873
683 698
867 873
1170 1672
832 834
683 698
867 873
860 873
832 834
609 661
1667 1856
860 873
867 873
683 698
636 660
1170 1672
609 661
1667 1856
860 873
867 873
683 698
636 660
1170 1672
832 834
609 661
867 873
683 698
636 660
1170 1672
832 834
609 661
1170 1632
1667 1856
683 698
867 873
660 681
1170 1672
1170 1632
609 661
867 873
660 681
1190 1686
1170 1672
609 661
867 873
660 681
1170 1672
1170 1672
609 661
1667 1856
860 867
867 873
660 681
1190 1686
683 692
609 661
1649 1651
636 660
867 873
660 681
1170 1672
609 661
1649 1651
867 873
660 681
1190 1686
1170 1672
1667 1856
609 661
683 698
867 873
660 681
660 681
1649 1651
867 873
609 661
867 873
660 681
832 834
867 873
860 873
609 661
867 873
609 661
867 873
1649 1651
1170 1672
1667 1856
867 873
1667 1856
1181 1622
860 873
1649 1651
1667 1856
860 873
1645 1671
660 681
1170 1672
683 692
609 661
1649 1651
1667 1856
860 873
683 692
1170 1672
1667 1856
1170 1672
1632 1856
1649 1651
860 863
1667 1856
860 873
683 692
1170 1672
660 681
1667 1856
1667 1856
1645 1671
609 661
867 873
683 692
660 681
683 692
831 869
660 681
660 681
636 660
660 681
664 832
660 681
660 681
1667 1856
636 660
867 873
600 613
660 681
660 681
600 613
1190 1686
860 863
1632 1856
600 613
826 841
660 681
1190 1686
827 834
810 854
1170 1667
1645 1667
600 613
620 691
1645 1671
660 681
1190 1686
664 832
860 863
810 854
600 613
1613 1671
660 681
1170 1672
826 838
832 834
600 613
826 834
867 873
660 681
860 864
1170 1672
1622 1657
1164 1657
828 832
1601 1678
635 648
867 873
660 681
619 699
860 864
832 841
832 836
1622 1674
600 613
1651 1657
1622 1657
828 836
1181 1672
832 836
1164 1657
828 832
867 873
660 681
635 683
860 864
810 860
1667 1678
1649 1657
1657 1674
1622 1657
1181 1672
1632 1657
860 864
1164 1657
606 689
828 832
855 873
826 863
606 611
828 836
1651 1657
660 681
609 681
832 836
610 654
1667 1678
1170 1672
828 836
826 855
828 832
880 887
660 681
609 681
832 836
1181 1678
683 692
635 683
635 663
1622 1657
828 836
619 1645
828 832
1632 1671
654 682
862 863
628 683
832 836
619 1657
654 694
661 686
619 1657
828 836
1645 1657
828 832
611 1108
669 1632
1632 1671
832 836
619 1645
654 694
619 1657
828 836
1657 1667
1645 1657
669 1108
832 836
1622 1657
613 654
619 1645
864 868
1170 1672
654 694
864 893
1190 1686
1164 1672
1622 1657
1645 1667
836 887
685 1108
684 629
864 887
1632 1686
1613 1678
1645 1657
684 1190
669 1686
832 836
619 1645
669 1190
610 626
828 832
609 661
828 836
629 1678
669 629
669 684
684 1686
619 1657
864 893
834 836
1164 1672
1190 1686
828 834
684 1686
1170 1672
685 1108
1492 1678
1645 1657
669 1686
832 836
689 826
623 654
1657 1667
619 1645
669 1190
828 832
609 661
828 836
629 1678
834 836
864 868
619 1657
864 893
832 834
828 834
1170 1672
1645 1657
629 1672
669 1686
832 836
623 654
1657 1667
619 1645
669 1190
826 1181
828 836
828 832
629 1678
684 826
834 836
864 868
684 1181
619 1657
832 834
828 834
1170 629
1672 1678
1645 1657
629 1672
1164 1657
832 836
619 1164
619 1645
669 1190
629 1613
834 893
826 1181
621 684
828 836
828 832
610 613
684 1667
629 1678
821 896
684 826
832 834
864 868
619 1657
864 893
834 836
880 887
828 834
689 699
1672 1678
1645 1657
629 1672
832 836
619 1645
669 1190
826 1181
621 826
621 684
828 832
610 613
828 836
629 1678
821 896
684 826
836 847
832 834
864 868
619 1657
864 893
834 836
828 834
689 699
1672 1678
661 847
1645 1657
629 1672
832 836
619 1645
669 1190
690 815
826 1181
621 826
621 684
828 832
610 613
683 838
828 836
629 1678
684 826
832 834
864 868
684 1181
619 1657
864 893
834 836
1622 1657
1170 629
623 692
828 834
621 1181
694 893
1170 1672
689 699
1645 1657
629 1672
636 864
619 1645
669 1190
690 815
826 1181
832 836
621 826
621 684
660 681
1613 1672
683 838
828 836
629 1678
684 826
834 836
684 1181
619 1657
864 893
832 834
1622 1657
828 834
1170 1672
689 699
1672 1678
864 896
1645 1657
629 1672
832 836
619 1645
690 815
826 1181
621 826
621 684
619 1622
692 838
828 832
828 836
629 1678
684 826
1170 1678
893 896
683 692
864 868
619 1657
864 893
834 836
832 834
1622 1657
828 834
1170 1672
1672 1678
864 896
1645 1657
629 1672
832 836
619 1645
669 1190
690 815
826 1181
621 684
619 1622
660 681
1613 1672
828 832
828 836
629 1678
684 826
1170 1678
893 896
864 868
684 1181
619 1657
864 893
834 836
832 834
1622 1657
609 815
828 834
1170 629
1170 1672
689 699
1672 1678
864 896
609 683
1645 1657
629 1672
628 683
832 836
681 838
619 1645
669 1190
854 866
690 815
826 1181
621 826
621 684
619 1622
692 838
683 838
828 836
629 1678
684 826
1170 1678
893 896
628 681
684 1181
619 1657
864 893
834 836
1622 1657
609 815
828 834
628 838
1170 629
1170 1672
685 1108
689 699
628 847
1672 1678
864 896
832 853
1645 1657
629 1672
681 683
832 836
681 838
619 1645
669 1190
629 1613
681 692
690 815
826 1181
636 864
619 1622
1613 1672
683 838
828 853
621 684
828 836
629 1678
684 826
834 853
893 896
609 690
684 1181
619 1657
864 893
834 836
832 834
1622 1657
609 815
828 834
1170 629
1170 1672
628 847
1672 1678
864 896
832 853
1645 1657
629 1672
1164 1657
832 836
619 1645
669 1190
690 815
826 1181
621 684
619 1622
836 853
828 832
828 853
828 836
629 1678
1660 1662
684 826
834 853
893 896
609 690
684 1181
619 1657
864 893
834 836
832 834
1622 1657
1108 1686
1164 1645
636 896
880 887
609 815
828 834
823 847
1170 1672
864 896
832 853
1645 1657
1164 1657
832 836
619 1645
669 1190
690 815
621 684
828 853
893 896
828 832
683 838
629 1678
1660 1662
684 826
834 853
1632 1671
834 836
609 690
683 692
684 1181
619 1657
864 893
832 834
1108 1686
1164 1645
609 815
1170 1672
864 896
1645 1657
1164 1657
681 683
832 836
681 838
619 1645
669 1190
809 896
1108 1644
681 692
690 815
621 684
602 665
828 853
629 1678
1660 1662
809 864
893 896
834 836
663 853
619 1657
864 893
832 834
1108 1686
1164 1645
880 887
609 815
1170 1672
681 683
1672 1678
864 896
1645 1657
1164 1657
611 649
621 684
602 665
832 836
623 654
681 838
1644 1686
619 1645
669 1190
809 896
681 692
690 815
619 1622
809 893
692 838
683 838
809 864
828 836
629 1678
684 826
893 896
609 690
663 853
684 1181
619 1657
864 893
834 836
832 834
1164 1645
609 815
621 1181
1170 1672
864 896
1645 1657
1164 1657
1108 1856
681 683
832 836
623 654
681 838
669 1190
629 1613
809 896
690 815
826 1181
621 826
809 864
809 893
683 838
621 684
828 836
629 1678
684 826
893 896
609 690
663 853
684 1181
864 893
834 836
832 834
649 1632
1164 1645
864 896
1645 1657
1164 1657
1108 1856
603 1649
600 866
681 869
681 838
832 898
649 1671
669 1190
809 896
690 815
826 1181
621 826
809 864
809 893
692 838
683 838
667 896
621 684
828 836
629 1678
683 869
684 826
893 896
663 853
864 893
669 1190
649 1632
1164 1645
880 887
654 838
828 834
893 896
692 869
1170 1672
864 896
1645 1657
1164 1657
832 836
654 692
681 838
649 1671
654 683
629 1613
809 896
690 815
621 826
619 1622
828 832
683 838
621 684
828 836
629 1678
684 826
1632 1671
609 690
663 853
864 893
834 836
832 834
1164 1645
880 887
654 838
828 834
1170 1672
864 896
654 869
1645 1657
1164 1657
603 1649
832 836
654 692
838 869
649 1671
669 1190
809 896
690 815
826 1181
621 826
828 836
692 838
683 838
621 684
629 1678
1660 1662
684 826
1632 1671
834 836
609 690
663 853
619 1657
832 834
1164 1645
880 887
828 834
1629 1644
1170 1672
1672 1678
864 896
1645 1657
1164 1657
681 683
600 866
832 836
649 1671
669 1190
809 896
690 815
826 1181
621 826
828 836
621 684
629 1678
684 826
1632 1671
609 690
663 853
834 836
832 834
824 894
1164 1645
880 887
828 834
1170 1672
1672 1678
864 896
1645 1657
603 1649
600 866
832 836
681 869
681 838
649 1671
669 1190
809 896
690 815
826 1181
809 864
692 838
683 838
621 684
629 1678
683 869
684 826
1632 1671
609 690
663 853
683 692
834 836
832 834
1164 1645
880 887
828 834
1632 1671
834 836
1672 1678
619 689
681 692
636 809
603 1649
689 1622
832 836
681 838
649 1671
669 1190
809 896
854 866
690 815
636 864
809 864
864 896
828 832
683 838
621 684
828 836
629 1678
1660 1662
684 826
1601 1644
893 896
685 699
609 690
663 853
864 893
832 834
1164 1645
880 887
828 834
893 896
1672 1678
619 689
1601 1644
636 809
681 683
689 1622
832 836
681 838
669 1190
681 692
826 1181
621 826
809 864
619 1622
864 896
692 838
828 836
621 684
1660 1662
684 826
1170 1678
1632 1671
685 699
663 853
864 893
832 834
817 847
1164 1645
892 896
880 887
828 834
1170 1672
828 836
1672 1678
619 689
636 809
681 683
689 1622
832 836
669 1190
629 1613
834 836
681 692
636 864
621 826
864 896
692 838
828 832
683 838
864 892
621 684
629 1678
1660 1662
684 826
1170 1678
893 896
663 853
864 893
832 834
1164 1645
880 887
828 834
1170 1672
828 836
603 1649
1672 1678
864 896
681 683
689 1622
832 836
669 1190
892 893
621 826
619 1622
619 689
692 838
892 896
864 892
621 684
629 1678
684 826
1170 1678
893 896
685 699
609 690
663 853
864 893
834 836
611 1678
1164 1645
838 853
828 834
1170 1672
864 896
636 809
681 683
836 892
832 836
669 1190
692 694
667 847
636 864
621 826
619 1622
619 689
880 887
636 896
603 1649
621 684
828 836
629 1678
1660 1662
684 826
1170 1678
893 896
834 836
609 690
663 853
611 674
663 838
864 893
832 834
611 1678
817 847
1164 1645
880 887
1170 1672
864 896
636 809
681 683
636 864
669 1190
809 896
692 694
667 847
832 836
621 826
621 684
828 836
629 1678
1660 1662
684 826
1170 1678
893 896
609 690
611 674
864 893
832 834
817 847
1164 1645
880 887
1170 1672
1672 1678
864 896
1613 1678
636 809
648 681
669 1190
661 692
667 847
621 826
621 684
828 836
629 1678
1660 1662
684 826
1170 1678
893 896
841 855
609 690
832 841
864 893
832 834
669 1190
1164 1645
636 809
880 887
1170 1672
853 866
648 681
827 836
832 836
827 832
854 866
667 847
611 629
621 684
629 1678
684 826
893 896
841 855
609 690
667 817
661 683
827 834
834 836
832 834
1164 1645
809 896
880 887
1170 1672
619 689
841 864
636 809
648 681
836 855
827 836
827 832
661 692
853 855
621 826
621 684
809 893
636 896
629 1678
853 864
684 826
1170 1678
893 896
609 690
683 692
832 834
836 864
1170 1672
836 873
1164 1645
880 887
644 681
1672 1678
815 887
636 809
649 1671
827 832
661 692
854 866
621 826
621 684
619 1622
1108 1632
685 1181
860 864
629 1678
684 826
1170 1678
893 896
609 690
864 868
832 834
684 1108
644 681
1164 1645
880 887
621 1181
1170 1672
1672 1678
619 689
815 887
684 685
681 683
600 866
654 692
623 654
812 819
854 866
623 661
619 1622
1108 1671
685 1181
1632 1856
629 1678
827 828
1170 1678
893 896
609 690
644 683
864 868
815 880
832 834
826 1108
1164 1645
828 832
880 887
621 1181
1170 1672
685 1108
1672 1678
815 887
629 1672
636 809
648 681
681 683
600 866
864 873
644 683
827 832
809 896
854 866
1108 1181
893 896
685 1181
636 896
868 873
629 1678
809 893
684 826
1170 1678
1632 1671
609 690
603 1649
864 868
817 847
815 880
832 834
654 694
1164 1645
880 887
621 1181
686 692
1170 1672
685 1108
1672 1678
1671 1856
684 699
636 809
648 681
600 866
1170 1678
827 832
809 896
854 866
1190 1671
667 823
1108 1181
893 896
683 698
685 1181
621 1108
802 836
815 887
1632 1856
629 1678
809 893
684 826
635 1657
1632 1671
609 690
864 868
619 1645
815 880
649 1632
649 699
636 896
838 841
880 887
1632 1671
1170 629
686 692
1170 1672
685 1108
1672 1678
815 887
1622 1645
636 809
648 681
600 866
619 1645
809 896
854 866
636 893
667 847
809 893
892 896
1170 1678
893 896
609 690
603 1649
619 699
864 868
649 1671
815 880
1170 1672
825 836
880 887
1645 1649
1170 629
686 692
600 854
815 887
636 809
648 681
600 866
654 683
854 866
1645 1678
667 847
828 832
1181 1674
667 817
864 868
832 834
661 694
880 887
686 692
661 683
815 887
1622 1645
648 681
600 866
649 1671
827 832
1108 1601
1613 1672
828 832
621 684
1181 1674
864 868
832 834
817 847
661 694
636 681
686 692
1108 1657
815 887
1181 1651
600 866
623 654
854 866
1613 1672
828 832
635 681
621 684
1181 1674
841 855
667 817
864 868
832 834
1657 1674
1181 1657
815 887
667 817
1181 1674
636 681
648 681
828 834
1651 1657
1170 1672
826 836
1613 1672
864 868
686 692
1657 1672
1492 1678
623 654
600 613
880 887
815 887
636 681
648 681
1651 1657
623 654
603 617
1657 1674
661 692
620 622
828 836
635 648
635 636
1181 1674
826 860
603 685
864 868
1181 1657
815 880
838 841
1628 1629
686 692
828 836
815 887
1651 1657
860 868
661 692
855 866
623 654
1181 1674
663 686
838 866
864 868
815 880
1628 1629
802 862
828 834
815 887
636 681
1651 1657
623 654
1657 1674
661 692
892 893
1618 1628
1181 1674
893 896
663 686
661 692
1181 1674
893 896
663 686
1651 1657
683 692
1618 1628
1181 1657
827 834
832 834
635 698
683 686
684 685
636 681
1651 1657
1657 1674
661 692
663 683
635 648
621 662
663 686
683 692
1181 1657
827 834
832 834
661 692
635 660
1628 1629
636 681
623 694
893 896
663 692
828 834
663 683
661 692
661 663
600 654
636 660
660 681
683 692
661 692
827 828
663 692
660 681
827 836
828 836
628 661
832 836
827 836
1181 1657
660 681
1657 1667
649 678
834 836
654 694
827 832
635 698
649 678
1181 1667
838 841
827 836
832 836
1181 1657
1657 1667
635 698
1667 1686
832 836
663 686
660 681
635 683
1181 1657
827 836
1657 1667
628 667
827 836
832 836
1181 1657
834 836
832 836
1628 1672
827 836
826 832
834 836
827 832
819 888
827 834
827 836
832 836
827 836
834 836
832 836
827 832
834 836
827 836
832 836
827 834
832 834
827 832
603 684
827 836
832 836
832 834
827 832
838 841
660 681
832 834
827 836
832 836
635 648
841 869
834 836
838 869
827 832
683 698
683 692
832 836
827 836
832 834
827 832
1170 1672
827 834
832 834
832 836
661 686
827 832
1613 1672
1170 1672
827 834
832 834
827 832
1170 1672
832 834
1613 1672
1170 1672
832 834
1170 1672
826 832
660 681
827 832
827 834
660 681
832 834
860 864
827 834
860 863
832 834
836 843
832 834
860 863
827 834
860 864
860 863
827 834
860 863
860 864
860 863
832 834
860 864
1170 1672
860 863
860 864
1651 1657
832 834
860 864
838 841
860 864
838 841
836 843
860 864
1170 1672
860 863
860 864
860 863
860 864
860 863
860 864
807 889
860 863
860 864
1170 1672
860 864
832 834
860 864
832 834
860 864
860 864
660 681
832 834
610 626
860 864
660 681
860 864
860 863
660 681
860 864
860 863
660 681
827 834
860 864
860 864
660 681
610 626
1651 1657
660 681
860 864
1651 1657
660 681
860 864
1651 1657
860 864
1651 1657
860 864
1492 1613
1651 1657
660 681
860 864
827 834
1651 1657
660 681
860 864
660 681
860 864
1651 1657
860 864
1651 1657
660 681
860 864
635 648
836 843
660 681
836 843
860 864
832 834
836 843
860 864
1628 1667
1651 1657
660 681
860 864
635 648
832 834
836 843
1651 1657
660 681
860 864
635 648
832 834
836 843
827 832
838 841
660 681
827 832
660 681
832 834
860 864
827 832
827 834
660 681
832 834
860 864
1651 1657
832 834
660 681
832 834
860 864
660 681
660 681
827 834
660 681
832 834
660 681
832 834
860 864
1651 1657
860 864
660 681
860 864
660 681
860 864
663 686
660 681
827 834
860 864
827 834
660 681
860 864
819 888
827 834
660 681
827 834
860 864
827 834
660 681
832 834
827 834
660 681
860 864
660 681
827 834
600 613
860 864
827 834
660 681
827 834
660 681
628 644
660 681
860 864
660 681
860 864
660 681
860 864
831 869
867 873
1651 1657
660 681
860 864
1613 1628
660 681
1613 1628
860 864
1651 1657
1613 1672
860 864
1628 1672
1651 1657
660 681
1170 1628
860 864
635 648
660 681
860 864
635 648
1651 1657
660 681
860 864
1651 1657
660 681
860 864
635 648
1651 1657
660 681
860 864
660 681
860 864
860 863
660 681
860 864
1181 1657
660 681
660 681
860 864
660 681
660 681
660 681
1613 1672
660 681
1613 1672
1170 1672
867 873
660 681
860 864
1170 1672
660 681
860 864
660 681
1613 1672
860 864
867 873
660 681
1613 1672
860 864
660 681
860 864
660 681
832 834
860 864
609 654
660 681
832 834
860 864
660 681
832 834
860 864
827 834
660 681
860 864
660 681
832 834
860 864
660 681
832 834
860 864
636 660
660 681
860 864
635 648
832 834
836 843
819 888
827 834
660 681
860 864
660 681
836 843
860 864
1181 1657
660 681
836 843
860 864
1181 1657
827 834
660 681
836 843
860 864
609 654
1181 1657
660 681
836 843
860 864
609 654
867 873
660 681
836 843
1181 1657
635 648
1181 1657
660 681
836 843
860 864
635 648
1181 1657
660 681
836 843
860 864
1181 1657
660 681
836 843
860 864
660 681
860 864
635 648
1181 1657
827 834
836 843
1181 1657
660 681
836 843
860 864
1181 1657
836 843
860 864
1181 1657
867 873
1181 1657
827 834
660 681
1181 1657
660 681
860 864
1181 1657
827 834
867 873
660 681
860 864
1181 1657
827 834
867 873
660 681
860 864
1628 1629
636 660
660 681
860 864
1181 1657
827 834
636 660
660 681
860 864
1181 1657
867 873
860 864
636 660
867 873
860 864
1628 1629
636 660
660 681
860 864
1181 1657
827 834
1628 1629
1181 1657
860 864
1181 1657
660 681
860 864
1181 1657
819 888
1181 1657
660 681
860 864
860 863
660 681
860 864
860 864
635 648
827 834
827 834
867 873
860 864
827 834
832 834
827 834
832 834
819 888
1170 1672
836 843
1492 1613
860 864
832 834
836 843
860 864
832 834
836 843
860 864
819 888
636 660
635 648
1181 1657
832 834
836 843
636 660
860 864
635 648
1181 1657
832 834
836 843
827 834
832 834
836 843
1181 1657
827 834
867 873
836 843
860 864
827 832
819 888
867 873
1181 1657
832 834
836 843
836 843
860 864
832 834
836 843
1181 1657
860 863
660 681
836 843
860 863
660 681
827 834
836 843
1170 1672
827 834
660 681
836 843
827 834
660 681
836 843
860 864
827 834
1492 1678
836 843
1170 1672
827 834
1492 1678
836 843
860 864
860 864
867 873
1629 1667
1170 1672
827 834
836 843
827 834
660 681
1613 1672
836 843
860 864
1628 1629
836 843
1613 1672
860 864
827 834
1667 1678
827 834
867 873
660 681
836 843
1170 1672
1181 1657
836 843
860 864
1170 1672
836 843
860 864
1170 1672
836 843
860 864
1170 1672
836 843
860 864
827 834
660 681
836 843
860 864
836 843
860 864
836 843
860 864
836 843
860 864
635 648
836 843
860 864
635 648
836 843
860 864
836 843
860 864
860 863
836 843
860 864
860 863
660 681
836 843
860 864
860 863
819 888
636 660
660 681
860 864
836 843
860 863
836 843
860 864
1170 1672
827 834
836 843
860 864
1181 1657
827 834
660 681
836 843
860 864
1181 1657
860 863
836 843
860 864
1181 1657
827 834
660 681
836 843
860 864
1181 1657
860 863
827 834
836 843
860 864
1181 1657
860 863
660 681
827 834
836 843
827 832
860 863
660 681
860 864
827 834
836 843
860 863
610 626
1613 1678
860 864
1181 1657
827 834
1492 1678
836 843
860 863
1613 1678
867 873
636 660
660 681
1181 1657
827 834
1492 1678
836 843
819 888
860 863
827 834
836 843
860 864
860 863
867 873
1628 1667
836 843
860 864
860 863
867 873
660 681
860 864
1170 1672
827 834
644 692
836 843
860 863
1628 1629
1628 1667
819 888
867 873
660 681
860 864
827 834
836 843
1628 1667
819 888
867 873
860 864
836 843
819 888
867 873
1628 1667
836 843
860 864
867 873
609 654
836 843
860 864
867 873
836 843
860 864
827 834
867 873
836 843
860 864
827 834
683 692
836 843
860 864
867 873
1651 1657
683 692
860 864
660 681
836 843
860 864
1651 1657
836 843
607 681
1651 1657
683 692
836 843
860 864
819 888
636 660
836 843
860 864
819 888
609 654
836 843
860 864
827 834
831 869
609 654
836 843
860 864
827 834
636 660
609 654
836 843
860 864
827 834
836 843
860 864
836 843
827 834
836 843
867 873
836 843
827 832
827 834
867 873
836 843
860 864
836 843
860 864
832 834
836 843
860 864
1181 1657
836 860
613 690
836 843
1613 1672
613 690
836 843
860 864
836 843
836 843
860 864
827 834
836 843
860 864
827 834
660 681
836 843
860 864
1181 1657
867 873
1628 1667
836 843
860 864
635 648
836 843
860 864
827 834
867 873
836 843
827 834
836 860
1628 1667
836 843
635 648
836 843
860 864
635 648
836 843
609 654
836 843
1181 1657
827 834
836 843
827 834
836 843
836 860
600 613
836 843
600 613
636 660
660 681
836 843
860 864
1181 1657
660 681
832 834
836 843
1628 1629
836 860
832 834
836 843
1181 1657
1628 1629
600 613
660 681
860 864
1170 1672
832 834
836 843
836 860
1628 1629
660 681
860 864
1181 1657
827 834
836 843
836 860
660 681
832 834
836 843
600 613
660 681
836 843
1170 1672
827 834
636 660
832 834
836 843
1170 1672
832 834
836 843
1628 1629
636 660
660 681
836 843
609 654
1628 1667
660 681
1170 1672
1181 1657
836 843
1181 1657
609 654
836 843
1629 1667
635 648
836 843
635 648
1181 1657
836 843
832 834
836 843
836 843
819 888
827 834
836 843
860 864
836 843
860 864
836 843
1628 1629
827 834
836 843
860 864
819 888
1613 1672
860 864
1170 1672
827 834
836 843
827 834
831 869
660 681
836 843
1613 1672
1628 1629
1181 1657
827 834
609 654
836 843
1492 1613
819 888
636 660
660 681
836 843
609 690
660 681
836 843
1181 1657
660 681
836 843
1181 1657
660 681
836 843
1181 1657
660 681
836 843
860 864
660 681
836 843
609 610
660 681
836 843
860 864
609 610
1628 1629
836 843
609 610
613 658
660 681
1613 1672
1181 1657
836 843
1492 1613
1181 1657
660 681
836 843
860 864
1181 1657
660 681
836 843
860 864
660 681
836 843
827 834
660 681
832 834
836 843
860 864
660 681
836 843
610 626
609 654
819 888
660 681
836 843
806 888
827 834
660 681
836 843
609 654
827 834
867 873
660 681
836 843
827 832
609 610
869 873
613 658
609 654
867 873
660 681
832 834
836 843
860 863
819 888
867 873
660 681
827 834
836 843
1492 1613
660 681
836 843
832 834
836 843
1492 1613
827 834
832 834
836 843
648 660
1492 1613
860 863
1662 1686
860 864
1170 1672
836 843
1170 1672
860 863
827 834
836 843
660 681
836 843
1613 1672
1662 1686
636 660
660 681
1628 1667
836 843
827 834
836 843
819 888
660 681
836 843
860 863
660 681
836 843
660 681
832 834
836 843
660 681
832 834
836 843
860 863
819 888
660 681
1170 1672
832 834
836 843
860 863
660 681
1170 1672
827 834
832 834
836 843
860 863
660 681
827 834
832 834
836 843
609 610
860 863
660 681
827 834
832 834
836 843
819 888
660 681
860 864
827 834
832 834
836 843
819 888
660 681
860 864
832 834
836 843
609 610
860 863
660 681
860 864
827 834
836 843
660 681
836 843
1613 1672
860 863
660 681
836 843
836 843
860 863
660 681
836 843
860 864
819 888
683 692
660 681
836 843
819 888
827 834
660 681
836 843
860 864
600 613
1628 1667
660 681
860 864
1181 1657
836 843
1492 1613
600 613
660 681
836 843
860 864
609 654
1628 1667
819 888
660 681
1181 1657
836 843
1181 1657
860 863
831 869
836 843
1181 1657
836 843
1613 1672
860 864
1628 1667
660 681
1613 1672
860 864
1181 1657
836 843
1170 1672
660 681
836 843
1170 1672
867 873
660 681
836 843
860 863
867 873
660 681
836 843
1629 1667
827 834
660 681
832 834
836 843
1629 1667
827 834
831 869
660 681
836 843
860 864
607 681
831 869
663 686
832 834
836 843
1613 1672
860 864
1181 1657
827 834
836 843
836 843
860 864
1181 1657
827 834
836 843
860 864
827 834
836 843
860 864
1181 1657
831 869
836 843
860 864
1181 1657
831 869
836 843
860 864
1181 1657
1492 1678
836 843
607 681
836 843
607 681
819 888
1613 1672
1629 1667
836 843
827 834
860 864
836 843
607 681
607 681
1629 1667
1181 1657
827 834
836 843
1181 1657
827 834
832 834
836 843
1181 1657
827 834
827 834
1613 1672
827 834
860 864
827 834
1629 1667
832 834
860 864
819 888
860 864
832 834
836 843
1629 1667
613 658
860 864
683 692
836 843
660 681
832 834
613 658
827 834
660 681
836 843
1181 1657
663 686
660 681
836 843
660 681
836 843
860 864
660 681
613 658
836 843
831 869
1492 1678
836 843
836 843
860 864
1181 1657
660 681
836 843
832 834
1628 1667
660 681
836 843
827 834
836 843
827 834
836 843
860 864
660 681
836 843
860 864
1170 1672
660 681
836 843
860 864
609 610
819 888
663 686
867 873
836 843
860 864
827 834
819 888
831 869
660 681
836 843
860 864
1492 1613
831 869
1628 1667
860 864
1629 1667
1181 1657
827 834
836 843
827 832
838 841
1181 1674
660 681
860 864
1181 1657
832 834
836 843
609 610
827 832
1181 1657
831 869
1628 1667
660 681
860 864
635 648
1170 1672
832 834
836 843
827 832
831 869
660 681
860 864
827 834
836 843
1629 1667
827 832
860 863
864 868
831 869
1628 1667
663 686
660 681
1613 1672
1181 1657
1170 1672
827 834
836 843
853 864
1181 1674
663 686
1170 1672
1181 1657
827 834
836 843
831 869
1628 1667
838 853
1170 1672
1181 1657
832 836
834 836
1629 1667
1170 1672
1629 1667
1613 1672
864 868
609 610
1657 1662
834 860
1601 1613
613 658
1657 1658
853 863
1657 1672
1657 1686
1492 1613
831 869
669 1686
663 686
853 863
660 681
678 687
635 698
1170 1657
613 690
836 860
831 869
613 658
669 1686
609 613
663 686
636 660
660 681
1657 1672
831 869
613 690
663 681
669 1686
683 692
600 610
1170 1672
619 1657
607 681
600 613
669 1686
646 1657
605 1657
619 1657
836 860
650 689
831 869
669 1686
602 677
660 681
1170 1672
619 1657
825 826
660 681
674 1657
836 860
646 1657
853 863
683 692
660 681
853 863
830 834
860 864
838 841
836 860
830 834
602 677
853 863
660 681
699 1657
836 860
830 834
609 658
853 863
832 834
836 864
831 869
830 834
853 863
860 864
830 834
836 864
819 888
830 834
609 690
853 863
658 690
609 658
836 864
819 888
830 834
838 864
609 690
660 681
609 658
836 864
609 658
832 896
830 847
863 896
834 887
841 887
819 888
834 896
609 690
658 690
832 893
836 864
609 658
830 834
609 690
853 863
853 862
658 690
1170 1672
836 864
609 658
836 860
853 862
807 830
853 863
860 864
807 834
836 864
836 860
809 834
830 852
834 897
609 658
807 812
834 886
887 896
860 864
836 864
658 690
831 869
609 658
860 864
836 864
812 821
812 897
658 690
831 869
1632 1671
609 658
860 864
836 864
812 821
812 897
821 897
658 690
862 863
860 864
606 615
812 897
831 869
603 621
860 864
854 864
836 864
812 821
1108 1644
603 621
853 862
853 863
860 864
836 864
812 821
1108 1644
1644 1856
821 897
860 864
603 621
853 862
853 863
862 863
662 1644
836 864
1644 1657
603 621
853 862
853 863
836 854
860 864
819 863
860 864
836 860
1164 1622
836 864
853 863
831 869
834 836
854 860
860 864
802 860
1181 1674
603 621
853 863
860 864
854 860
834 836
1181 1651
832 836
1181 1674
860 864
854 860
832 834
812 821
1108 1144
838 860
1181 1651
854 860
1651 1674
1181 1651
838 860
831 869
1181 1674
867 873
854 860
853 863
1181 1651
838 860
1181 1674
832 834
867 873
860 864
834 836
838 860
1181 1651
1181 1674
834 836
860 864
1181 1651
1181 1674
867 873
860 864
854 860
1651 1674
1181 1651
838 860
867 873
1181 1674
853 863
834 836
1181 1651
838 860
860 864
825 826
853 863
855 864
864 868
834 836
819 821
860 868
1181 1651
838 860
831 869
853 863
855 864
864 868
1651 1674
834 836
841 863
860 868
1181 1651
838 860
841 863
1181 1674
853 863
855 864
864 868
834 836
1181 1651
838 860
860 864
1181 1674
853 862
853 863
864 868
834 836
606 621
834 836
864 868
838 864
606 621
1181 1651
1181 1651
838 860
832 836
825 860
864 868
827 860
834 836
606 621
853 863
834 853
831 869
862 863
834 836
834 836
832 836
1181 1651
863 868
864 868
863 864
834 836
606 621
826 854
1181 1651
831 869
1181 1674
838 852
826 836
834 836
838 868
841 864
836 860
676 873
1181 1651
863 868
1181 1674
860 864
827 834
832 834
606 621
1181 1674
860 864
1190 1686
676 873
1181 1651
827 834
832 834
827 834
832 834
827 832
827 834
860 863
832 834
827 834
832 834
1181 1674
832 834
1181 1651
628 654
1181 1674
832 834
1181 1651
860 864
1181 1674
832 834
606 621
1181 1651
860 863
1181 1651
1181 1674
860 864
832 834
606 621
1181 1651
628 648
867 873
860 864
832 834
1190 1686
621 662
1181 1674
860 864
1651 1674
860 864
832 834
1181 1651
832 834
1181 1651
860 864
1181 1674
628 648
1181 1651
860 864
831 869
1181 1674
606 621
1181 1651
1181 1651
1181 1674
669 1686
860 864
827 834
606 621
669 1686
606 615
1190 1686
1181 1674
1181 1651
669 1190
860 863
1181 1651
1181 1674
669 1686
860 864
606 621
669 1190
1181 1651
1190 1686
1181 1674
669 1686
860 864
606 615
606 621
669 1190
1181 1651
1181 1674
669 1686
860 864
1651 1674
832 834
606 621
669 1190
1181 1651
669 1674
860 864
1181 1674
669 1686
1190 1686
1651 1674
832 834
606 621
669 1190
1181 1651
860 864
669 1686
606 621
1190 1686
606 615
832 834
836 843
669 1190
1181 1674
669 1686
1190 1686
1651 1674
832 834
606 621
669 1190
1181 1651
1190 1686
669 1686
1651 1674
860 864
827 834
606 615
832 834
606 621
669 1190
1181 1651
1190 1686
1181 1674
669 1686
606 621
860 864
1651 1674
606 615
832 834
836 843
669 1190
669 1686
606 615
832 834
1190 1686
669 1190
1181 1651
1181 1674
669 1686
860 864
1651 1674
832 834
606 621
669 1190
1181 1651
1181 1674
860 864
1651 1674
606 615
832 834
606 621
669 1190
1181 1651
1181 1674
606 621
1651 1674
606 615
832 834
836 843
669 1190
1651 1674
1181 1674
832 834
1181 1651
669 1190
1181 1651
1181 1674
860 864
1651 1674
832 834
669 1190
1651 1674
1181 1674
832 834
1181 1651
669 1190
1181 1651
1181 1674
860 864
1651 1674
832 834
669 1190
1181 1651
1181 1674
860 864
1651 1674
832 834
669 1190
1651 1674
1181 1674
836 843
1181 1651
669 1190
860 863
868 873
1181 1651
831 869
1181 1674
860 864
1651 1674
832 834
669 1190
1651 1674
819 821
1181 1674
1181 1651
669 1190
860 863
1181 1651
1181 1674
860 864
1651 1674
832 834
819 821
669 1190
1181 1651
831 869
1181 1674
1181 1686
1651 1674
832 834
836 843
669 1190
1651 1674
1181 1674
832 834
1181 1651
669 1190
860 863
1181 1651
1181 1674
1651 1674
832 834
669 1190
1651 1674
1181 1674
827 834
1181 1651
669 1190
1651 1674
1181 1674
832 834
1181 1651
669 1190
860 863
1181 1651
1181 1674
860 864
827 834
1651 1674
669 1190
836 860
1181 1651
1181 1674
1651 1674
827 834
669 1190
1651 1674
1181 1674
1181 1651
669 1190
827 834
1181 1651
1181 1674
1651 1674
832 834
669 1190
1181 1651
1181 1674
1148 1686
1651 1674
832 834
669 1190
1181 1651
1181 1674
1651 1674
832 834
851 862
669 1190
650 677
1181 1674
1651 1674
1181 1651
669 1190
1651 1674
1181 1674
832 834
1181 1651
669 1190
1181 1651
1181 1674
860 864
1651 1674
832 834
669 1190
1651 1674
860 864
1181 1674
1181 1651
669 1190
1651 1674
860 864
1181 1674
1181 1651
669 1190
1651 1674
1181 1674
1181 1651
601 821
1651 1674
1181 1674
827 834
1181 1651
1651 1674
860 864
1181 1674
851 862
1181 1651
827 834
1181 1674
1651 1674
1181 1651
1181 1674
1651 1674
660 681
1181 1651
860 863
1181 1651
1181 1674
860 864
1651 1674
600 661
1651 1674
610 698
1181 1674
1181 1651
1651 1674
626 698
1181 1674
1181 1651
1651 1674
860 864
1181 1674
1181 1651
1181 1674
1651 1674
836 860
660 681
1181 1651
836 860
1181 1651
600 613
1181 1674
660 681
860 864
1651 1674
669 1190
1181 1651
1181 1674
626 698
860 864
1651 1674
669 1190
650 677
1108 1686
1181 1651
1181 1674
626 698
1651 1674
669 1190
650 677
836 860
1181 1651
1181 1674
1651 1674
669 1190
650 677
836 860
1181 1651
1181 1674
1651 1674
600 661
669 1190
1108 1686
1181 1651
1181 1674
1651 1674
600 661
650 1144
1651 1674
1181 1674
1181 1651
1651 1674
1181 1674
827 834
1181 1651
1108 1686
669 1632
650 1144
860 864
1651 1674
827 834
650 1144
1108 1671
660 681
1651 1674
860 864
650 1144
1651 1674
887 896
1671 1686
1632 1671
650 1144
650 677
1651 1674
1645 1657
887 896
860 864
887 1644
1651 1674
669 1190
1645 1657
669 1686
887 896
860 864
1651 1674
669 1190
888 1662
1645 1657
860 864
867 873
602 650
660 681
1651 1674
669 1190
1108 1686
684 699
1645 1657
613 654
860 864
646 699
646 684
1651 1674
887 1671
669 1190
650 677
1108 1686
684 699
1645 1657
1632 1671
646 699
646 684
1651 1674
654 694
669 1190
650 677
1645 1657
650 1144
646 699
646 684
1651 1674
654 694
669 1190
684 1164
1645 1657
677 1144
646 1657
646 1645
646 1164
1651 1674
1108 1686
684 1645
1645 1657
650 1144
646 1645
646 1164
654 694
669 1190
1645 1657
684 1164
677 1144
650 1144
646 1657
646 1645
650 677
1645 1657
1164 1657
650 1144
646 1657
867 873
646 1164
646 1164
677 1144
1645 1657
1645 1657
836 860
684 1657
650 1144
1645 1657
650 677
654 694
650 677
1645 1657
831 869
684 1657
646 1657
646 1645
1164 1657
1651 1674
669 1190
1645 1657
646 1657
1164 1645
860 864
650 1144
1164 1657
684 1622
860 864
669 1190
1645 1657
650 1632
860 864
646 684
669 1190
650 1632
646 684
669 1190
669 1686
1108 1144
646 684
1190 1686
669 1190
646 684
860 864
832 834
1190 1686
669 1190
1190 1686
867 873
860 864
832 834
654 694
669 1190
1649 1674
860 864
1190 1686
827 834
832 834
654 694
669 1190
860 864
654 694
669 1190
860 863
662 699
860 864
646 684
827 834
654 694
669 1190
1644 1671
860 864
646 684
827 834
669 1190
1645 1657
860 864
827 834
669 1190
1645 1657
827 834
619 1645
669 1190
1108 1144
1645 1657
860 864
646 1657
646 1622
827 834
669 1190
646 1657
646 1645
646 1164
827 834
646 1657
646 1645
860 864
646 1164
1108 1144
646 1622
1632 1644
646 1164
646 1657
646 1645
860 864
1170 1672
646 1645
1108 1144
1645 1657
677 1856
860 864
827 834
1148 1190
1645 1657
677 1644
831 869
650 1644
1632 1644
646 1657
860 864
619 646
619 1645
1645 1657
677 1644
1108 1144
619 646
1632 1644
1622 1657
1622 1645
620 674
620 684
1632 1644
860 864
867 873
827 834
619 1657
1190 1686
669 1190
619 1657
1644 1671
620 684
860 864
827 834
668 684
669 1190
1108 1144
620 684
827 834
668 684
832 834
669 1190
1622 1645
1108 1144
648 683
860 864
669 1190
831 869
620 674
620 684
683 692
860 864
827 834
832 834
1190 1686
619 1645
669 1190
815 1644
1108 1144
1644 1671
620 684
860 864
832 834
619 1645
677 674
1622 1645
1108 1144
1644 1671
620 684
819 888
888 895
860 864
620 669
619 1645
620 684
677 674
814 888
1148 1190
819 888
888 895
620 669
1651 1674
832 834
619 1645
677 674
1622 1645
1644 1856
620 684
619 1622
860 864
646 1657
620 669
1148 1190
619 1645
1671 1679
1632 1679
868 869
620 684
669 684
620 669
1190 1686
1644 1671
619 1645
1144 1662
620 684
1632 1679
831 869
1622 1645
619 1622
669 684
860 864
620 669
827 834
619 1645
601 689
831 869
1632 1679
620 684
860 864
669 684
667 683
620 669
619 1645
601 689
860 863
620 684
1622 1645
831 869
860 864
644 667
677 1686
669 684
1144 1644
620 669
600 661
628 667
619 1645
860 863
1622 1645
1190 1632
1629 1644
620 669
827 834
650 1686
600 661
628 667
619 1645