602 665
602 665
601 827
601 827
609 635
601 854
822 857
831 860
831 860
854 857
831 860
854 857
827 833
831 854
813 854
827 830
827 830
810 857
821 886
821 886
813 857
821 886
821 886
841 854
621 1492
854 857
813 857
621 684
641 699
854 857
621 641
641 699
615 1613
841 854
621 641
621 684
854 857
813 854
621 641
621 684
852 854
813 857
854 857
858 866
621 641
854 857
852 857
852 854
621 684
813 852
621 641
621 684
852 857
852 854
641 684
854 857
858 866
641 649
621 684
852 854
854 857
853 862
649 684
813 852
628 667
831 860
621 684
854 857
828 858
621 684
853 858
854 857
1190 1686
854 857
853 858
1190 1686
641 698
857 1622
1190 1686
821 886
828 858
854 857
857 1622
854 857
641 699
857 1622
619 1645
827 832
828 866
641 699
1170 1613
641 1622
641 857
641 699
1190 1644
857 1622
641 1622
1170 1613
857 1622
641 857
841 853
1170 1613
641 1622
641 857
841 853
699 857
1632 1671
857 1622
1170 1672
1170 1613
641 699
1613 1672
1622 1645
827 832
1170 1613
1622 1645
858 860
1632 1671
619 641
1632 1686
1170 1613
1613 1671
858 860
1632 1671
1632 1645
1632 1644
1170 1632
828 831
854 866
852 853
858 860
1632 1671
1645 1671
830 831
1170 1672
832 834
852 853
603 684
1632 1671
1613 1672
1181 1651
1645 1671
1645 1671
1645 1671
662 687
662 678
1645 1671
1108 1644
1645 1671
1108 1644
1645 1671
1108 1644
1645 1671
1190 1686
1629 1678
1645 1671
1190 1686
1645 1671
1108 1601
1660 1679
1645 1671
1190 1686
1645 1671
1190 1686
1645 1671
1190 1686
1645 1671
1190 1686
1645 1671
875 893
1645 1671
1190 1686
1645 1671
1190 1686
1645 1671
1170 1672
1645 1671
1190 1686
1645 1671
1645 1671
1492 1613
1492 1613
1148 1658
1148 1658
806 819
1492 1613
812 819
821 890
888 890
812 822
1170 1672
1170 1672
1190 1686
1190 1686
1492 1613
1190 1686
1492 1613
1492 1613
1190 1686
1190 1686
1170 1672
1170 1672
1170 1672
1170 1672
1170 1672
1170 1672
1632 1674
1632 1674
1492 1613
1170 1672
1492 1613
1613 1672
1170 1672
1170 1672
1190 1686
1170 1672
1190 1686
1190 1686
1190 1686
1645 1671
1645 1671
1645 1671
1645 1671
1645 1671
1170 1672
1645 1671
1190 1686
1645 1671
1190 1686
1645 1671
1645 1671
1645 1671
1170 1672
1645 1671
1645 1671
822 890
1190 1686
1645 1671
1645 1671
1190 1686
1645 1671
1190 1686
1645 1671
1645 1671
1645 1671
1645 1671
1645 1671
1645 1671
1645 1671
1190 1686
1645 1671
1190 1686
803 888
1645 1671
1190 1686
1645 1671
1190 1686
1492 1613
1645 1671
1645 1674
1645 1671
1645 1671
1645 1671
1645 1671
1492 1613
1645 1671
1492 1613
1645 1671
1492 1613
1144 1662
1645 1671
1492 1613
1645 1671
1613 1672
1645 1671
1645 1671
1645 1671
875 880
1645 1671
1645 1671
1645 1671
1645 1671
880 886
1645 1671
1645 1671
1645 1671
1645 1671
1645 1671
1645 1671
1613 1672
1613 1672
1613 1672
1613 1672
1190 1686
1613 1672
1613 1672
1190 1686
1190 1686
1492 1613
1190 1686
1492 1613
1190 1686
1492 1613
891 896
1190 1686
1170 1672
1170 1672
1190 1686
1660 1679
1660 1679
1660 1679
1660 1679
1613 1672
1645 1671
1660 1679
1613 1672
1660 1679
1613 1672
1645 1671
1170 1672
1613 1672
1170 1672
1645 1671
1170 1672
1645 1671
1170 1672
1651 1674
1645 1671
1645 1671
1645 1671
1645 1671
1190 1686
1645 1671
1190 1686
1170 1672
1645 1671
1492 1613
1170 1672
1645 1671
1170 1672
1645 1671
1645 1671
1645 1671
1645 1671
888 890
1645 1671
1190 1686
1645 1671
1645 1671
1190 1686
1645 1671
1190 1686
1660 1679
1645 1671
1190 1686
1144 1662
1645 1671
1190 1686
1645 1671
1190 1686
1645 1671
1645 1671
1645 1671
1645 1671
1645 1671
882 888
1645 1671
888 890
1645 1671
1645 1671
1645 1671
1190 1686
1645 1671
1645 1671
1645 1671
1190 1686
1645 1671
1190 1686
1645 1671
1613 1672
1190 1686
1645 1671
1190 1686
1144 1662
1645 1671
1613 1672
1190 1686
1645 1671
1613 1672
1190 1686
1190 1686
1190 1686
1645 1671
1190 1686
1645 1671
1190 1686
1645 1671
1190 1686
1660 1679
1645 1671
1660 1679
1660 1679
623 661
1645 1671
1645 1671
1645 1671
1492 1613
1170 1672
1190 1686
1190 1686
1613 1672
1190 1686
1645 1671
1645 1671
1645 1671
1190 1686
1645 1671
1190 1686
1492 1613
1492 1613
1492 1613
1492 1613
1645 1671
1492 1613
1645 1671
1492 1613
1645 1671
1492 1613
1645 1671
1170 1672
1492 1613
1645 1671
1645 1671
1645 1671
623 661
623 661
1645 1671
1645 1671
623 661
1645 1671
623 661
623 661
1645 1671
623 661
623 661
1645 1671
623 661
623 661
1492 1613
1190 1686
1645 1671
1190 1686
623 661
1645 1671
1645 1671
1645 1671
1492 1613
1492 1613
1645 1671
1492 1613
1645 1671
1492 1613
1645 1671
1492 1613
1645 1671
1492 1613
1613 1672
1190 1686
1492 1613
1645 1671
1492 1613
1645 1671
1492 1613
1645 1671
1492 1613
1645 1671
1492 1613
1645 1671
1645 1671
1645 1671
1613 1672
1645 1671
1645 1671
1645 1671
1645 1671
1492 1613
1492 1613
1492 1613
1144 1662
1170 1672
1170 1672
1190 1686
1492 1613
1190 1686
1108 1644
807 888
1164 1679
1108 1644
821 890
807 893
1108 1645
1108 1644
821 890
655 695
1645 1671
1144 1645
1190 1686
1622 1645
1144 1644
1181 1674
821 893
1632 1671
646 1645
1190 1686
646 1622
1622 1645
646 1622
1181 1674
1632 1671
646 1645
1190 1686
890 898
1108 1644
1190 1686
1181 1674
1144 1644
1170 1672
1108 1644
821 890
1108 1144
687 1662
1190 1686
1144 1644
1492 1678
1181 1190
687 1148
1108 1644
821 890
1108 1144
1672 1674
819 824
687 1190
1144 1644
1492 1678
815 891
1108 1644
1622 1645
1108 1144
1144 1644
1672 1674
687 1190
689 695
1492 1678
815 891
1108 1644
684 699
1108 1144
1164 1645
1662 1672
1144 1644
646 1164
1492 1678
1108 1644
601 884
684 699
1108 1144
886 890
605 695
887 890
1144 1644
1144 1644
1108 1644
1632 1671
1629 1667
815 891
1108 1644
821 890
1108 1144
1164 1645
886 890
821 893
892 896
646 1164
821 888
600 884
1108 1644
1108 1144
1164 1645
821 893
619 699
1144 1644
646 1164
602 691
1108 1644
1108 1144
1144 1644
663 686
619 699
646 1164
602 691
600 884
1108 1644
1108 1144
821 886
888 890
619 699
1144 1644
646 1164
1492 1678
1644 1667
600 884
1108 1644
663 686
1622 1645
1108 1144
636 822
619 689
684 689
619 699
1144 1644
646 1164
636 691
1144 1667
815 891
1108 1644
621 695
1622 1645
1108 1144
821 886
888 890
622 699
656 891
605 695
1108 1667
1144 1644
646 1164
689 699
663 696
815 891
1108 1644
1622 1645
1108 1667
1108 1144
1144 1667
1144 1644
646 1164
619 1164
635 694
1672 1678
1108 1644
1622 1645
1170 1678
689 1651
684 689
646 1164
619 1164
1672 1678
1108 1644
1622 1645
1170 1678
663 686
1170 1672
812 821
1108 1644
1622 1645
1108 1667
1164 1645
888 890
663 686
605 695
1144 1644
646 1164
663 696
1644 1667
619 689
891 894
1622 1645
1164 1645
888 890
1190 1632
1108 1644
641 1190
1613 1672
1170 1672
663 696
1644 1667
1108 1644
1622 1645
1108 1667
1601 1678
888 890
663 686
1644 1667
891 894
1144 1644
646 1164
656 891
1108 1644
821 890
1622 1645
888 890
663 686
891 894
619 1164
656 891
1644 1667
621 662
1108 1644
1622 1645
1144 1667
684 689
646 1164
619 1164
621 684
1108 1644
636 692
1622 1645
888 892
821 892
616 692
1144 1667
689 1651
684 689
646 1164
619 1164
1170 1613
1108 1644
1622 1645
886 890
656 891
1108 1674
1144 1667
1613 1672
1170 1672
619 1164
1672 1678
1170 1613
689 1651
1622 1645
1613 1678
888 890
1144 1667
603 1649
1613 1672
1170 1672
1170 1613
689 1651
1622 1645
1613 1678
822 890
1148 1678
1613 1672
1170 1672
641 1108
1170 1613
1622 1645
1601 1644
692 696
1613 1678
628 696
888 890
622 691
656 891
891 894
1148 1678
1613 1672
1170 1672
683 696
646 1164
619 1164
603 1649
619 1645
650 677
1622 1645
628 696
648 651
888 890
628 683
621 689
603 1649
683 696
1170 1672
619 1164
619 646
602 1678
1622 1645
689 1674
621 1674
888 890
677 1144
616 692
603 1649
1170 1672
619 1164
1613 1672
1622 1645
888 890
603 1649
1651 1686
646 1164
1622 1645
638 1108
616 692
616 681
603 1649
1613 1672
621 1674
619 646
684 1678
1622 1645
689 1674
821 897
1181 1674
888 890
616 628
603 1649
619 1164
1622 1645
1601 1644
605 695
646 1645
1170 1672
621 1674
619 646
603 1649
621 684
616 696
1622 1645
1601 1644
689 1181
1181 1674
1170 1613
619 1622
686 696
605 695
1613 1672
1170 1672
646 1164
684 1674
663 696
619 646
603 1649
1622 1645
663 696
888 890
619 1622
677 691
691 1144
603 1649
619 1645
621 684
684 1678
1622 1645
689 1674
621 1674
677 1144
691 1144
603 1649
684 689
619 1622
628 648
619 1164
667 683
621 684
684 1678
1622 1645
641 695
1164 1645
619 1164
1181 1674
888 890
619 1622
677 691
691 1144
603 1649
684 689
684 1674
1170 1672
621 1674
600 884
621 684
1622 1645
1601 1644
641 695
602 695
650 691
603 1649
619 1622
684 1678
1190 1667
605 695
684 689
1613 1672
684 1181
684 1674
677 691
1148 1190
1644 1667
619 1645
1622 1645
641 695
602 695
689 1181
1632 1671
677 691
691 1144
1164 1622
821 888
1148 1190
619 646
603 1649
621 684
641 695
689 1674
689 1181
616 651
1181 1674
888 890
1632 1671
621 689
603 1649
684 689
684 1674
684 1181
1170 1672
689 1678
1164 1622
821 890
689 1674
661 667
602 695
1181 1674
616 651
651 661
616 661
1632 1671
621 689
603 1649
689 1181
684 1181
616 667
663 696
1148 1190
821 888
621 689
1164 1645
1181 1674
1190 1632
1632 1671
677 691
880 897
602 695
603 1649
684 1181
684 1674
1164 1622
619 1645
662 1108
1190 1671
619 684
621 1678
616 651
1181 1674
888 890
1632 1671
1190 1632
603 1649
1613 1672
1190 1660
887 891
646 689
616 692
606 615
621 689
661 667
602 695
1181 1674
1148 1686
1632 1671
677 691
621 646
603 1649
1632 1674
1651 1686
646 689
619 684
1613 1632
1181 1622
602 695
616 651
1181 1674
603 1649
1632 1671
677 691
621 646
615 646
1144 1645
1651 1686
1190 1660
1170 1672
646 689
1644 1672
619 684
1622 1632
650 677
648 663
650 691
619 684
1164 1622
602 695
1632 1645
621 646
605 695
648 686
622 691
677 691
621 689
1190 1686
1644 1672
662 1108
662 689
1181 1674
1181 1622
603 1649
628 648
646 689
882 886
821 890
602 695
677 691
621 646
622 691
1148 1679
646 689
619 684
1164 1622
882 886
648 696
648 663
622 691
628 648
619 662
1164 1622
621 646
602 695
605 695
1108 1190
662 684
646 689
677 691
619 684
1108 1679
603 1649
882 886
646 662
648 663
622 691
662 684
662 689
619 649
677 691
621 646
648 696
1108 1190
628 648
646 684
646 689
1108 1679
619 699
1658 1679
619 649
821 890
648 696
628 696
628 648
677 691
603 1649
684 689
619 699
649 699
622 691
890 892
677 691
621 646
880 896
684 689
619 699
1190 1686
650 677
821 888
603 1649
686 696
1108 1644
648 696
628 696
819 890
1108 1672
650 691
611 619
677 691
888 890
603 1649
684 689
619 699
1190 1686
628 648
1164 1679
648 696
628 696
650 677
677 691
619 699
1190 1686
644 651
821 888
1492 1613
649 699
628 696
622 691
628 648
677 691
646 695
619 699
1190 1686
689 699
611 699
1108 1613
1492 1613
648 696
628 648
650 677
621 646
1108 1644
619 699
1190 1686
689 699
619 689
641 662
641 695
628 696
648 696
684 689
619 699
695 685
620 662
1108 1613
648 696
628 696
616 661
684 689
619 699
648 696
628 696
650 677
611 619
684 689
619 699
1190 1686
691 695
695 685
882 886
662 695
628 696
611 619
691 685
648 696
684 689
619 699
691 695
882 886
628 696
611 619
621 685
1108 1644
648 696
684 689
619 699
691 695
611 699
882 886
628 696
648 696
684 689
619 699
691 695
1492 1613
691 695
1492 1613
695 685
619 695
882 886
602 691
1492 1613
882 886
882 886
882 886
882 886
1190 1686
1190 1686
1613 1672
1190 1686
1190 1686
1190 1686
1629 1667
1190 1686
1613 1672
1190 1686
1613 1672
1190 1686
882 886
1190 1686
1190 1686
882 886
1190 1686
1190 1686
1190 1686
1492 1613
882 886
1190 1686
1492 1613
882 886
1190 1686
1170 1672
882 886
1190 1686
882 886
882 886
1190 1686
1492 1613
1190 1686
1190 1686
860 869
1190 1686
1170 1672
1492 1613
1190 1686
1170 1672
1190 1686
1170 1672
1190 1686
1190 1686
1170 1672
1190 1686
623 692
1492 1613
1190 1686
1190 1686
1170 1672
1190 1686
623 692
1190 1686
1190 1686
1190 1686
1629 1667
1190 1686
1190 1686
1190 1686
1190 1686
1660 1679
1190 1686
815 891
1645 1671
1190 1686
1108 1644
1108 1644
1660 1679
1108 1644
1660 1679
1660 1679
1190 1686
1190 1686
1190 1686
1660 1679
1190 1686
1190 1686
1190 1686
1190 1686
1190 1686
1190 1686
1660 1679
1190 1686
1660 1679
1660 1679
1613 1672
1613 1672
623 661
1170 1672
888 890
1170 1672
1190 1686
1190 1686
1660 1679
1645 1671
1660 1679
1190 1686
1190 1686
1190 1686
1190 1686
1190 1686
1190 1686
1190 1686
1190 1686
1190 1686
1613 1672
1190 1686
1613 1672
833 860
1190 1686
1190 1686
1660 1679
1660 1679
1170 1672
1660 1679
1170 1672
1170 1672
1170 1672
1170 1672
602 691
1660 1679
1190 1686
1170 1672
1645 1671
1190 1686
1645 1671
1190 1686
1645 1671
1190 1686
1190 1686
1190 1686
1492 1613
1190 1686
1170 1672
1190 1686
1660 1679
1190 1686
1660 1679
1108 1644
1660 1679
1108 1644
1679 1686
1190 1686
1108 1644
1190 1686
1108 1644
1108 1644
1108 1644
1108 1644
1108 1644
1108 1644
1632 1671
1108 1644
1190 1686
1108 1644
1190 1686
1190 1686
1108 1644
1108 1644
1108 1644
1190 1686
1144 1662
1108 1644
1108 1644
1108 1644
1108 1644
1108 1644
1492 1613
1108 1644
1492 1613
1492 1613
1190 1686
1492 1613
1190 1686
1492 1613
1190 1686
1660 1679
1190 1686
1190 1686
1492 1613
1660 1679
1660 1679
1660 1679
1190 1686
1660 1679
1190 1686
1492 1613
1660 1679
1492 1613
1492 1613
1492 1613
1660 1679
1492 1613
1492 1613
1492 1613
1660 1679
1613 1672
1613 1672
1660 1679
1613 1672
1190 1686
1190 1686
1190 1686
1190 1686
1190 1686
1629 1667
1613 1672
1108 1644
1492 1613
1660 1679
1660 1679
1613 1672
1660 1679
1660 1679
1660 1679
1660 1679
1190 1686
1170 1672
1170 1672
841 860
833 860
827 860
841 860
825 860
851 873
860 864
827 830
1613 1672
827 851
1660 1679
827 830
830 851
827 832
827 851
827 830
860 864
851 867
1492 1613
831 851
1660 1679
851 867
831 864
813 864
1492 1613
1170 1672
810 864
1170 1672
813 854
855 873
827 869
1170 1672
810 864
858 864
828 830
810 864
1170 1672
810 864
810 864
813 852
650 691
1190 1686
620 684
650 691
677 691
1645 1671
611 685
1492 1678
644 666
619 685
1613 1672
827 869
1170 1672
1148 1190
1144 1662
699 685
1672 1674
1170 1671
619 685
1190 1658
1671 1672
1148 1190
1108 1613
1144 1662
1148 1649
827 869
603 665
1672 1674
1108 1632
611 1170
1649 1686
1190 1686
810 864
1190 1662
626 698
1144 1662
1108 1644
602 603
1170 1632
603 665
1148 1672
1108 1148
1190 1686
810 864
1108 1144
1613 1644
1108 1644
1144 1170
1108 1144
1144 1644
1108 1632
1190 1686
1190 1686
1144 1644
1108 1632
699 685
1144 1644
1190 1671
1622 1645
1632 1671
1144 1644
689 1645
1622 1645
1190 1632
689 1622
689 1645
689 827
689 827
1622 1645
1144 1644
689 827
1144 1644
1144 1644
1144 1644
641 1181
641 1651
1613 1672
1144 1644
694 869
1144 1644
1144 1644
1181 1651
828 830
1144 1644
1144 1644
1144 1644
828 830
1144 1644
1144 1644
1144 1644
1144 1644
1144 1644
1144 1644
1144 1644
1144 1644
1144 1644
1144 1644
1144 1644
600 1644
600 1644
620 641
831 860
831 860
851 860
831 860
851 860
851 860
851 860
851 860
650 677
605 695
650 691
691 695
689 827
605 691
691 695
689 827
691 695
689 827
662 691
834 860
834 860
834 860
834 860
834 860
832 834
832 860
832 834
834 860
834 860
832 834
832 860
832 834
834 860
832 860
832 860
832 834
834 860
691 695
834 860
832 834
691 695
832 834
834 860
834 860
609 651
834 860
832 860
834 860
601 827
691 695
689 827
601 689
691 695
609 613
832 860
832 834
834 860
832 860
834 851
851 860
887 896
851 860
606 651
663 696
606 651
663 686
605 695
887 896
663 696
834 841
841 860
606 651
646 684
834 860
841 860
606 651
834 860
841 860
606 651
605 695
605 695
834 860
661 827
605 695
834 860
641 684
661 827
641 646
646 684
1660 1662
834 860
646 684
834 860
661 827
661 827
661 827
855 868
611 641
661 827
851 860
834 860
834 860
869 880
661 827
603 684
880 887
869 891
869 887
819 888
834 860
806 888
834 860
881 897
875 890
834 860
635 869
638 685
851 860
834 860
619 699
803 807
638 685
851 860
834 860
817 823
646 684
851 860
834 860
832 834
834 860
646 684
822 886
646 684
851 860
834 860
834 860
834 860
832 834
619 699
695 685
629 1678
655 1678
851 860
834 860
834 860
834 860
695 685
855 860
834 860
893 897
834 860
832 860
855 864
834 860
834 860
603 685
855 860
641 646
834 860
619 1645
619 684
834 860
619 1645
603 685
619 1645
619 684
619 1645
641 646
605 685
641 646
619 684
619 1645
641 646
603 685
619 684
619 1645
641 646
619 684
619 1645
855 860
641 646
619 1645
641 699
619 1645
646 699
641 699
619 1645
834 860
641 699
646 684
832 860
832 834
619 1645
832 834
619 1645
641 699
834 860
603 685
832 851
641 699
646 684
832 860
832 834
619 1645
834 860
832 851
641 699
646 684
832 860
832 834
619 1645
619 1645
834 860
646 684
832 834
851 860
834 860
646 684
832 860
832 834
619 1645
855 864
646 684
832 860
619 684
619 646
619 1645
641 699
603 685
619 1645
646 684
619 1645
603 685
1613 1672
1644 1686
641 699
1613 1672
860 864
646 684
1644 1686
619 1645
615 655
641 699
1613 1672
860 864
646 684
1644 1686
619 1645
834 860
603 685
641 699
1644 1686
619 1645
834 860
641 699
1613 1672
646 684
1644 1686
619 1645
619 1645
834 860
1644 1686
603 605
603 685
641 699
603 605
1613 1672
834 860
1644 1686
619 1645
834 860
834 864
1613 1672
646 684
1644 1686
834 860
641 699
834 864
860 864
646 684
619 1645
1644 1686
605 685
629 1613
655 1613
834 860
1148 1686
646 684
1644 1686
605 685
834 860
641 699
860 864
605 685
1613 1672
646 684
1148 1644
619 1645
1170 1613
834 860
615 655
615 655
1613 1672
1644 1686
1170 1613
1190 1662
1148 1644
1644 1686
603 695
603 685
603 605
605 685
615 655
603 685
605 685
619 684
603 605
603 685
600 858
1148 1190
605 685
603 685
600 858
605 685
605 699
619 684
603 605
603 685
605 685
603 685
615 655
605 695
603 605
605 685
615 655
635 815
1181 1674
600 858
851 864
603 685
1181 1674
1148 1686
600 858
1651 1674
600 858
615 655
600 858
628 683
655 1170
815 898
600 858
641 650
1170 1672
603 685
699 1651
600 858
1170 1672
615 655
851 860
891 894
1170 1672
603 685
600 858
615 1170
891 894
851 864
1148 1190
605 606
600 858
605 641
605 685
600 858
851 864
831 851
891 894
1190 1686
600 858
611 1678
600 858
891 894
600 858
603 641
684 699
662 699
615 699
600 858
605 649
831 864
603 641
603 685
615 699
629 1672
641 685
615 684
1651 1674
831 864
623 858
1170 1613
603 641
603 685
1662 1678
615 699
629 1672
641 685
662 699
1613 1672
620 650
650 1686
620 1686
668 1662
629 1613
603 641
1613 1672
1662 1678
615 699
629 1672
641 685
699 629
603 685
641 678
1170 629
620 650
650 1686
620 1686
668 1662
629 1613
1170 1613
603 641
668 1662
615 699
629 1672
641 685
651 666
1170 629
1613 1672
678 685
620 650
620 1686
603 685
1170 1613
603 641
603 685
615 699
641 685
600 858
880 898
601 858
655 1613
666 683
1613 1672
620 650
650 1686
620 1686
832 834
1170 1613
651 683
615 699
641 685
651 666
832 834
651 858
655 1613
666 683
641 649
1613 1672
678 685
620 650
650 1686
603 641
620 1686
644 651
603 685
615 684
655 1613
603 685
605 641
615 699
629 1672
641 685
1492 1651
603 678
892 898
641 649
1613 1672
1170 1672
620 650
650 1686
620 1686
644 651
603 685
641 649
831 851
641 699
605 641
644 651
662 684
699 1672
620 650
605 699
620 1686
644 683
651 683
651 683
601 644
617 641
831 851
641 699
662 1678
605 641
649 699
666 683
641 649
620 650
689 827
831 864
644 651
603 685
650 677
603 685
601 644
615 684
629 1672
641 699
601 666
605 641
650 1678
666 683
641 649
611 677
689 827
620 629
832 834
620 1672
650 677
620 641
603 685
615 684
641 699
1170 1662
832 834
1613 1686
650 677
620 685
634 858
641 699
834 864
832 834
620 685
634 858
641 699
629 1686
685 1672
832 834
1613 1686
629 1613
650 677
815 888
634 858
641 699
605 641
685 1672
605 641
629 1613
629 1613
689 896
636 892
1170 1672
689 827
629 1613
609 858
636 892
815 896
613 858
694 892
1613 1686
834 851
609 858
662 684
694 892
1170 1672
827 834
832 834
641 699
815 896
627 635
685 1672
827 832
641 699
886 896
827 834
827 832
827 864
641 699
827 834
815 896
655 1672
822 849
1644 1856
685 1672
641 699
881 898
641 699
685 1672
655 1672
641 699
827 858
858 866
655 1672
668 685
685 1672
685 1672
827 858
650 677
685 1672
1644 1856
1644 1856
1644 1856
1644 1856
1613 1686
1644 1856
1644 1856
641 699
1644 1856
831 864
641 699
1644 1856
641 699
1644 1856
685 1672
641 699
1644 1856
641 699
834 860
685 1674
1651 1674
1190 1644
1651 1674
641 699
1190 1644
641 699
621 695
641 699
621 695
641 699
834 860
1181 1651
641 699
641 699
834 860
641 699
831 860
605 641
827 860
641 699
831 860
641 699
831 860
641 699
831 860
641 699
831 860
641 699
831 860
834 860
641 699
827 834
641 699
834 860
831 860
641 699
834 860
834 860
641 699
655 1672
827 860
832 860
641 699
641 699
641 699
827 860
832 860
641 699
827 860
834 860
827 860
834 860
832 860
834 860
641 699
827 860
834 860
827 860
641 699
832 860
834 860
832 860
851 860
827 860
832 860
832 860
851 860
860 864
1613 1686
858 860
1190 1644
1190 1644
831 860
1190 1644
1613 1686
1190 1644
668 1662
858 864
858 864
1190 1644
831 860
831 860
1170 1672
1170 1672
1190 1644
831 860
1190 1644
831 860
1190 1644
831 860
831 860
629 1613
1190 1644
629 1613
858 860
1190 1644
629 1613
831 860
629 1613
1170 629
831 860
831 860
1170 1672
1181 1651
831 860
1170 1672
605 641
831 860
1170 1672
668 685
831 860
605 641
668 685
831 860
605 641
1651 1674
831 860
605 641
1613 1686
605 641
831 860
831 860
605 641
831 860
831 860
831 860
1190 1644
831 860
1190 1644
1613 1686
1190 1644
831 860
1190 1644
831 860
1190 1644
1613 1686
1190 1644
832 834
668 685
1190 1644
832 834
1613 1686
1190 1644
831 860
1190 1644
605 641
1644 1856
605 641
1644 1856
1190 1644
1644 1856
831 860
641 699
668 685
641 699
1644 1856
831 860
1190 1660
1644 1856
831 860
1644 1856
605 641
860 864
832 860
1613 1686
832 860
832 860
1662 1678
834 860
832 860
827 860
834 860
1662 1678
1170 1672
641 699
629 1492
1662 1678
668 1662
668 1662
641 699
1662 1678
641 699
1651 1674
641 699
641 699
1651 1674
1651 1674
668 1662
1492 1613
860 864
641 699
1651 1674
641 699
1644 1856
853 854
641 699
1644 1856
853 854
641 699
641 699
621 691
853 854
641 699
641 699
1644 1856
621 691
1644 1856
641 699
853 854
1644 1856
1651 1674
641 699
641 699
1170 629
685 1678
853 854
853 854
827 834
1644 1856
853 854
641 699
851 860
1190 1644
853 854
1651 1674
641 699
1613 1686
1651 1674
641 699
853 854
1613 1686
853 854
641 699
1651 1674
853 854
641 699
825 830
853 854
641 699
825 830
853 854
641 699
1170 629
1651 1674
851 860
853 854
825 828
691 695
825 830
676 864
825 830
828 830
853 854
825 858
828 858
825 828
830 858
853 858
828 830
855 860
825 858
853 854
687 691
827 834
825 830
1613 1686
825 830
853 854
641 699
858 866
825 858
1613 1686
853 854
641 699
1170 1672
1651 1674
810 841
664 841
641 699
864 873
810 864
1651 1674
664 810
602 695
641 699
855 864
860 864
687 691
1651 1674
602 695
641 699
689 834
605 641
1613 1686
827 853
602 695
832 834
685 1672
641 699
611 620
1181 1651
602 695
858 864
1613 1672
689 695
685 1672
606 621
602 695
858 864
605 620
689 695
605 699
606 665
606 621
665 695
650 677
606 687
605 620
1170 629
606 665
619 689
611 620
602 695
858 864
685 1170
665 689
619 695
1181 1613
602 689
606 691
602 665
1148 1672
665 695
619 689
641 684
602 695
841 854
650 684
619 695
602 665
1170 629
1613 1662
606 665
641 1492
665 695
602 695
621 687
621 691
689 695
687 691
602 665
665 695
605 689
620 687
619 689
602 695
611 641
620 677
619 695
641 649
689 695
620 650
602 665
665 695
620 687
619 689
606 687
620 691
620 677
1492 1678
602 665
665 695
620 687
619 689
619 638
611 641
620 691
619 695
620 650
687 691
602 665
665 695
619 689
622 638
611 641
687 691
620 650
606 621
665 695
1170 1613
619 689
662 699
611 641
602 695
620 650
687 691
602 665
665 695
619 689
603 685
620 684
605 619
620 677
615 629
621 691
620 650
1651 1674
665 695
620 677
619 689
606 687
603 685
662 699
606 615
620 684
605 619
1658 1686
620 650
646 689
621 687
665 695
619 689
603 685
665 695
605 646
605 689
619 689
606 687
620 650
1672 1686
611 641
620 677
606 691
621 691
687 691
646 689
621 687
665 695
619 689
615 655
1672 1686
606 691
620 650
665 695
605 646
605 689
611 641
615 655
1672 1686
620 684
1672 1674
605 619
619 695
605 620
689 695
620 650
665 695
1651 1672
611 641
1672 1674
695 629
641 646
689 695
646 695
615 695
1651 1672
646 629
1672 1686
611 641
1672 1674
695 629
646 695
1651 1686
646 699
1674 1686
602 665
1672 1686
1674 1686
1651 1686
612 685
1651 1672
1672 1674
1651 1686
1651 1674
1674 1686
602 665
1651 1672
1651 1686
1651 1672
1651 1686
1651 1674
1674 1686
1672 1674
1651 1672
1672 1686
1651 1674
1674 1686
1651 1686
1651 1672
1672 1674
1651 1672
1674 1686
1672 1674
1674 1686
1672 1674
603 612
603 678
828 858
828 858
832 834
1667 1678
1492 1678
1644 1856
832 834
832 834
832 834
832 834
832 834
1651 1672
828 858
832 834
834 851
832 834
832 834
832 834
832 834
634 858
832 834
1629 1667
1629 1667
1629 1667
1629 1667
605 687
1629 1667
620 665
650 689
641 684
620 691
602 665
646 689
641 685
612 641
620 691
641 685
620 691
641 678
612 685
678 685
612 641
641 685
612 685
641 678
620 691
678 685
612 641
612 678
641 685
612 685
605 620
641 678
678 685
612 641
641 685
612 685
605 620
641 678
612 641
605 646
641 685
620 691
641 685
620 691
641 685
620 691
603 612
620 691
620 691
620 691
612 1667
612 1667
612 1667
650 677
620 691
650 677
650 677
650 677
612 1629
650 677
1629 1667
650 677
1629 1667
612 1629
1629 1667
650 677
650 677
677 1144
1629 1667
1629 1667
1629 1667
650 677
650 677
1629 1667
1629 1667
626 698
616 683
609 658
623 694
650 1144
650 1144
667 817
891 894
650 1144
1629 1667
1629 1667
1629 1667
891 894
891 894
891 894
891 894
1629 1667
854 866
828 858
832 834
1190 1629
832 834
832 834
828 858
646 1667
1190 1667
828 834
1190 1667
841 868
828 858
1148 1190
828 858
828 858
828 858
620 691
620 691
620 691
620 691
620 691
620 691
620 691
620 691
832 834
620 691
620 691
620 691
620 691
620 691
620 691
620 691
691 1190
1148 1190
1148 1190
832 834
832 834
832 834
620 691
620 691
620 691
832 834
832 834
832 834
832 834
606 621
832 834
832 834
1148 1190
832 834
828 858
832 834
832 834
634 854
832 834
832 834
832 834
813 854
832 834
828 834
832 834
832 834
832 834
832 834
825 832
1148 1190
825 832
832 834
841 868
828 858
1148 1190
1148 1190
862 863
1148 1190
810 860
828 858
1148 1190
1148 1190
806 809
809 812
1148 1190
1148 1190