1170 1644
1181 1651
600 1164
600 1164
620 677
620 677
620 677
669 677
609 613
600 658
600 658
669 677
600 658
669 677
665 677
620 669
600 658
669 677
600 613
600 658
669 677
620 669
600 658
669 677
600 658
600 658
635 648
600 658
600 658
1622 1672
648 683
600 658
648 683
635 651
831 860
605 860
605 831
831 860
600 658
883 886
806 886
606 615
1632 1856
600 658
883 886
806 886
606 615
1492 1678
600 658
883 886
883 886
1632 1856
683 692
600 658
609 613
1632 1856
600 658
1181 1622
609 613
1632 1856
896 897
663 686
663 686
807 860
1632 1856
686 696
1190 1686
807 860
609 613
807 821
806 821
609 613
1190 1686
1618 1628
806 821
600 658
822 884
686 696
806 821
609 613
1190 1686
1190 1679
1632 1856
686 696
806 821
635 648
1632 1856
686 696
1190 1686
617 641
635 648
609 613
1632 1856
686 696
600 658
666 661
686 696
609 613
1658 1674
686 696
1618 1628
666 661
600 658
609 613
1618 1628
666 661
686 696
1618 1628
666 661
831 860
1618 1628
627 635
1618 1628
666 661
600 658
1618 1628
666 661
612 678
666 661
660 661
683 692
1618 1628
1170 1672
1618 1628
666 661
1170 1672
1618 1628
1170 1672
1618 1628
1170 1672
1618 1628
1170 1672
1618 1628
648 666
623 652
1170 1672
1618 1628
623 652
1170 1672
1618 1628
1170 1672
609 613
1618 1628
1190 1686
1170 1672
1618 1628
609 613
1170 1672
609 613
609 613
609 613
600 658
627 635
609 613
627 635
600 658
609 613
1618 1628
1170 1672
609 613
1618 1628
1170 1672
609 613
1618 1628
609 613
612 678
1170 1672
1618 1628
656 682
1618 1628
1170 1672
1618 1628
1170 1672
1170 1672
1618 1628
1190 1686
1170 1672
1618 1628
1170 1672
612 678
628 694
1170 1672
1632 1856
612 678
1170 1672
623 652
1170 1672
1618 1628
1170 1672
1618 1628
1170 1672
1170 1672
1170 1672
612 678
1190 1686
1190 1686
1170 1672
1618 1628
1190 1686
1170 1672
1170 1672
1632 1856
1618 1628
1190 1686
1170 1672
1170 1672
1632 1856
1170 1672
1181 1622
628 694
1181 1645
1181 1622
1618 1628
1190 1686
1170 1672
1181 1622
1170 1672
1190 1686
1618 1628
1181 1622
1170 1672
628 694
1632 1856
1181 1622
1190 1686
1170 1672
1181 1622
628 694
1618 1628
1170 1672
1181 1622
1181 1622
1181 1622
609 613
1181 1622
609 613
1181 1622
609 613
612 678
1181 1622
609 613
612 678
1181 1622
609 613
1613 1672
1181 1622
609 613
683 692
1492 1672
1170 1672
1181 1622
609 613
1170 1672
1181 1622
609 613
1190 1686
1181 1622
612 678
609 613
1190 1686
1170 1672
612 678
1181 1622
609 613
1170 1672
1181 1622
609 613
1170 1672
600 658
1181 1622
609 613
1613 1672
1170 1672
1181 1622
1170 1672
1613 1672
1181 1622
1613 1672
1170 1672
1181 1622
1170 1672
600 658
1613 1672
600 658
1181 1622
609 613
1170 1672
612 678
627 635
1181 1622
1613 1672
1170 1672
612 678
627 635
1181 1622
1613 1672
1170 1672
600 658
612 678
627 635
1181 1622
1613 1672
1170 1672
600 658
612 678
627 635
1181 1622
1613 1672
600 658
600 658
627 635
1181 1622
609 613
1613 1672
1181 1622
612 678
1613 1672
627 635
627 635
1181 1622
609 613
612 678
627 635
1181 1622
1613 1672
627 635
1181 1622
1618 1628
1613 1672
612 678
627 635
1181 1622
1618 1628
1181 1622
609 613
600 658
1181 1622
609 613
1170 1672
813 864
600 658
1181 1622
609 613
1170 1672
1181 1622
1170 1672
1613 1672
1181 1622
1170 1672
1181 1622
609 613
1170 1672
1181 1622
609 613
1170 1672
1613 1672
1181 1622
1613 1672
1170 1672
1492 1613
1181 1622
1170 1672
1613 1672
1181 1622
1170 1672
1618 1628
1613 1672
807 889
612 678
660 692
1181 1622
1613 1672
1170 1672
1492 1613
1181 1622
600 658
1613 1672
1170 1672
1181 1622
1170 1672
600 658
1613 1672
1181 1622
1170 1672
627 635
600 658
656 682
1181 1622
683 692
1618 1628
1170 1672
1181 1622
627 635
683 692
1170 1672
627 635
1181 1622
683 692
1618 1628
1170 1672
612 678
627 635
1181 1622
609 613
683 692
1170 1672
1181 1622
609 613
627 635
1170 1672
627 635
1181 1622
609 613
683 692
1618 1628
1170 1672
656 682
627 635
1181 1622
609 613
1618 1628
1170 1672
1181 1622
609 613
627 635
1170 1672
660 692
627 635
1181 1622
609 613
1170 1672
1181 1622
609 613
627 635
1170 1672
1181 1622
609 613
627 635
612 678
1181 1622
607 636
1181 1622
609 613
1181 1622
609 613
627 635
1181 1622
609 613
663 661
627 635
1181 1622
609 613
683 692
1181 1622
609 613
660 692
663 661
607 636
1181 1622
609 613
1170 1672
623 652
1181 1622
609 613
1613 1672
1181 1622
609 613
1170 1672
1170 1672
609 613
1613 1672
1181 1622
609 613
1613 1672
1170 1672
612 678
1181 1622
609 613
1613 1672
1170 1672
1181 1622
1170 1672
612 678
1613 1672
1181 1622
1170 1672
612 678
656 682
1181 1622
1170 1672
1613 1672
1170 1672
1613 1672
1170 1672
1613 1672
1170 1672
627 635
612 678
1613 1672
612 678
627 635
609 613
1170 1672
627 635
609 613
1613 1672
1170 1672
627 635
1181 1622
609 613
1170 1672
1181 1622
1170 1672
1181 1622
1170 1672
609 613
627 635
1181 1622
609 613
1170 1672
627 635
1181 1622
609 613
1170 1672
1181 1622
627 635
1170 1672
1181 1622
1170 1672
600 613
612 678
1181 1622
1170 1672
686 696
612 678
686 696
1181 1622
1170 1672
1181 1622
609 613
612 678
1170 1672
1181 1622
1170 1672
1181 1622
1170 1672
1181 1622
1170 1672
1181 1622
1618 1628
1181 1622
612 678
612 678
830 834
1181 1622
609 613
1181 1622
830 834
830 834
1181 1622
1170 1672
1181 1622
612 678
609 613
1170 1672
1181 1622
1170 1672
609 613
612 678
1181 1622
609 613
1170 1672
612 678
1181 1622
609 613
1170 1672
1181 1622
1170 1672
1181 1622
627 635
1181 1622
1170 1672
1181 1622
1170 1672
1181 1622
1170 1672
663 661
1181 1622
1170 1672
612 678
1613 1672
607 636
635 696
1181 1622
1613 1672
1170 1672
635 696
1181 1622
830 834
1170 1672
1181 1622
1170 1672
607 636
607 636
612 678
1181 1622
1613 1672
1170 1672
1181 1622
1613 1672
1170 1672
1181 1622
1170 1672
1613 1672
1181 1622
1170 1672
1613 1672
1181 1622
1170 1672
827 828
1613 1672
1181 1622
609 613
827 828
1170 1672
607 636
825 868
1181 1622
609 613
1618 1628
1613 1672
1170 1672
612 678
1181 1622
609 613
1618 1628
1613 1672
1170 1672
1632 1658
656 682
1181 1622
609 613
867 873
683 692
1170 1672
1181 1622
609 613
656 682
1170 1672
616 681
1181 1622
656 682
1170 1672
612 678
1181 1622
609 613
1170 1672
832 834
656 682
1181 1622
609 613
656 682
1170 1672
832 834
826 832
1181 1622
609 613
1618 1628
1190 1686
1170 1672
1181 1622
1170 1672
1190 1686
609 613
826 832
627 635
1181 1622
609 613
1170 1672
1181 1622
609 613
1170 1672
612 678
826 832
1181 1622
609 613
1170 1672
832 834
1181 1622
832 834
826 832
1181 1622
826 832
832 834
612 678
826 832
1181 1622
609 613
1170 1672
612 678
826 832
1181 1622
609 613
1170 1672
832 834
612 678
1181 1622
609 613
826 832
1170 1672
832 834
1181 1622
826 832
609 613
1170 1672
1190 1686
612 678
825 836
826 832
1181 1622
609 613
1613 1672
1190 1686
1170 1672
1181 1622
609 613
612 678
1613 1672
1170 1672
1181 1622
826 832
1613 1672
1170 1672
1181 1622
826 832
612 678
1170 1672
831 860
826 832
1181 1622
612 678
1170 1672
831 860
836 860
1181 1622
1613 1672
1170 1672
826 832
1181 1622
1618 1628
1613 1672
1170 1672
832 860
1181 1622
1170 1672
851 860
826 836
836 843
1181 1622
1170 1672
612 678
1181 1622
826 832
612 678
1170 1672
1181 1622
1170 1672
851 860
612 678
1613 1672
1181 1622
1170 1672
851 860
612 678
1181 1622
609 613
683 692
851 860
1170 1672
1181 1622
851 860
683 692
1170 1672
1181 1622
663 686
683 692
612 678
612 678
1181 1622
663 686
683 692
1613 1672
1170 1672
836 854
851 860
612 678
1181 1622
1618 1628
1170 1672
600 658
1181 1622
851 860
612 678
609 613
1170 1672
612 678
1181 1622
609 613
1170 1672
827 828
656 682
1181 1622
1170 1672
851 860
827 828
612 678
851 860
612 678
1181 1622
609 613
1170 1672
827 828
600 658
1181 1622
851 860
600 658
826 832
616 681
609 613
1170 1672
827 828
851 860
612 678
1181 1622
609 613
663 686
1170 1672
600 658
1181 1622
1170 1672
851 860
612 678
600 658
1181 1622
851 860
612 678
1170 1672
600 658
1181 1622
1170 1672
851 860
600 658
1181 1622
612 678
851 860
1618 1628
600 658
1181 1622
1170 1672
851 860
600 658
616 681
1181 1622
600 658
1170 1672
616 681
1181 1622
1618 1667
600 658
1170 1672
1181 1622
851 860
616 681
660 681
1613 1672
1170 1672
1181 1622
1170 1672
851 860
1618 1628
600 658
1181 1622
1170 1672
851 860
600 658
1181 1622
851 860
612 678
1170 1672
1181 1622
851 860
612 678
1170 1672
1181 1622
1170 1672
851 860
612 678
600 658
612 678
1181 1622
1618 1628
1170 1672
600 658
1181 1622
600 658
1170 1672
1618 1628
616 681
851 860
600 658
660 692
1181 1622
1613 1672
1170 1672
1170 1672
851 860
612 678
1190 1686
1181 1622
1613 1672
826 832
600 658
851 860
600 658
826 832
1181 1622
1618 1628
1613 1672
1170 1672
612 678
612 678
616 681
1181 1622
1618 1628
1170 1672
612 678
616 681
627 635
1181 1622
609 613
683 692
1618 1628
1170 1672
1181 1622
851 860
612 678
627 635
616 681
609 613
1618 1628
1613 1672
826 832
607 636
1181 1622
612 678
627 635
616 681
609 613
683 692
1618 1628
1613 1672
1170 1672
616 681
851 860
612 678
627 635
1181 1622
609 613
1618 1628
1613 1672
1170 1672
1181 1622
851 860
612 678
627 635
616 681
609 613
1618 1628
1170 1672
1181 1622
851 860
612 678
826 832
627 635
616 681
609 613
1181 1622
851 860
612 678
627 635
616 681
609 613
1618 1628
1613 1672
851 860
612 678
627 635
1181 1622
609 613
1618 1628
851 860
612 678
1181 1622
1618 1628
1613 1672
1170 1672
851 860
612 678
826 832
1181 1622
609 613
1618 1628
1613 1672
1170 1672
851 860
612 678
826 832
1181 1622
609 613
1618 1628
656 682
1181 1622
612 678
826 832
616 681
609 613
1170 1672
1181 1622
612 678
616 681
609 613
1618 1628
1170 1672
827 828
612 678
826 832
627 635
1181 1622
683 692
1170 1672
612 678
826 832
1181 1622
609 613
683 692
1618 1628
1613 1672
1170 1672
660 681
1181 1622
612 678
616 681
609 613
683 692
660 681
612 678
627 635
1181 1622
1618 1628
1170 1672
1181 1622
1492 1613
1618 1628
612 678
1181 1622
609 613
1618 1628
1170 1672
612 678
1181 1622
609 613
683 692
1170 1672
851 860
612 678
1181 1622
683 692
1618 1628
1170 1672
1181 1622
851 860
1618 1628
612 678
616 681
1181 1622
851 860
1618 1628
1181 1622
851 860
616 681
1618 1628
851 860
612 678
826 832
1181 1622
1618 1628
1170 1672
1181 1622
851 860
612 678
616 681
1618 1628
1170 1672
1181 1622
851 860
612 678
616 681
1618 1628
1613 1672
1170 1672
851 860
1181 1622
609 613
1618 1628
851 860
1181 1622
683 692
1618 1628
1170 1672
1181 1622
851 860
612 678
616 681
683 692
1618 1628
1170 1672
851 860
612 678
1181 1622
683 692
1618 1628
1170 1672
851 860
612 678
1181 1622
1618 1628
1181 1622
851 860
612 678
627 635
616 681
683 692
1618 1628
827 828
851 860
612 678
627 635
1181 1622
1618 1628
1170 1672
851 860
612 678
627 635
1181 1622
1618 1628
851 860
612 678
627 635
1181 1622
1618 1628
1181 1622
851 860
612 678
627 635
616 681
683 692
1170 1672
1181 1622
851 860
612 678
627 635
616 681
683 692
1170 1672
1181 1622
851 860
612 678
616 681
1618 1628
1613 1672
1190 1686
1170 1672
1181 1622
851 860
612 678
616 681
1618 1628
1190 1686
1170 1672
851 860
612 678
627 635
1181 1622
1618 1628
1170 1672
1181 1622
851 860
612 678
627 635
616 681
1618 1628
1170 1672
612 678
627 635
1181 1622
1618 1628
1170 1672
612 678
627 635
1181 1622
1618 1628
1170 1672
1181 1622
1170 1672
1618 1628
1613 1672
656 682
1181 1622
1618 1628
1170 1672
612 678
612 678
1181 1622
1618 1628
1170 1672
827 828
600 658
656 682
627 635
1181 1622
612 678
1181 1622
612 678
627 635
612 678
627 635
686 696
1181 1622
827 828
600 658
600 658
627 635
612 678
1181 1622
1618 1628
612 678
627 635
1181 1622
1618 1628
1170 1672
600 658
612 678
1181 1622
609 613
600 658
1170 1672
1618 1628
851 860
600 658
612 678
1181 1622
609 613
1170 1672
1618 1628
612 678
1181 1622
609 613
1170 1672
600 658
1181 1622
1170 1672
612 678
1618 1628
600 658
627 635
1181 1622
683 692
1170 1672
660 681
612 678
627 635
1181 1622
609 613
660 681
1618 1628
1170 1672
683 692
600 658
851 860
600 658
627 635
1181 1622
660 681
1618 1628
1170 1672
683 692
600 658
1181 1622
660 681
1170 1672
1618 1628
1181 1622
660 681
600 613
1618 1628
1170 1672
612 678
1181 1622
660 681
1613 1672
1618 1628
1181 1622
1170 1672
660 681
1618 1628
612 678
1181 1622
660 681
1170 1672
1618 1628
1181 1622
1170 1672
660 692
1618 1628
1181 1622
1170 1672
600 658
600 613
1181 1622
1170 1672
836 843
612 678
660 692
1181 1622
1618 1628
1170 1672
600 658
851 860
600 658
627 635
1181 1622
609 613
1618 1628
1170 1672
600 658
826 832
1181 1622
609 613
1618 1628
1613 1672
1170 1672
600 658
1181 1622
609 613
683 692
1618 1628
1613 1672
1170 1672
600 658
826 832
612 678
1181 1622
1618 1628
612 678
826 832
660 692
616 681
1618 1628
612 678
826 832
660 681
1618 1628
1613 1672
600 658
1170 1672
1618 1628
600 658
826 832
1618 1628
1170 1672
1492 1613
1618 1628
826 832
851 860
1618 1628
612 678
1618 1628
1170 1672
660 681
1170 1672
1618 1628
851 860
1618 1628
612 678
1170 1672
851 860
1618 1628
612 678
616 681
1618 1628
612 678
1618 1628
609 613
609 613
1170 1672
609 613
612 678
1618 1628
851 860
627 635
616 681
609 613
1618 1628
1170 1672
1170 1672
826 832
612 678
609 613
616 681
609 613
1618 1628
612 678
609 613
612 678
1613 1672
826 832
1170 1672
1618 1628
826 832
1170 1672
826 832
600 613
1613 1672
826 832
612 678
600 613
609 613
663 686
1613 1672
612 678
826 832
616 681
609 613
1613 1672
1170 1672
851 860
612 678
826 832
600 613
616 681
1613 1672
1170 1672
616 681
1170 1672
851 860
600 613
1613 1672
1170 1672
600 613
612 678
1613 1672
616 681
826 832
612 678
1613 1672
1170 1672
1170 1672
612 678
1613 1672
612 678
826 832
616 681
660 681
1618 1628
1613 1672
1170 1672
1170 1672
1613 1672
1170 1672
1618 1628
1190 1686
1170 1672
612 678
1618 1628
1170 1672
609 613
660 681
616 660
616 681
1170 1672
1618 1628
612 678
1618 1628
1618 1628
612 678
1170 1672
826 832
1170 1672
826 832
1613 1672
1170 1672
826 832
1170 1672
616 681
1170 1672
1613 1672
1190 1686
1170 1672
1613 1672
826 832
1170 1672
1618 1628
1613 1672
1181 1622
1170 1672
600 658
1613 1672
609 613
683 692
1613 1672
1170 1672
1613 1672
826 832
851 860
1613 1672
1170 1672
1170 1672
612 678
1618 1628
1170 1672
1613 1672
826 832
1170 1672
826 832
1618 1628
1667 1678
1190 1686
612 678
826 832
1618 1628
1613 1672
1170 1672
1170 1613
851 860
1601 1644
600 613
1492 1628
1618 1628
1613 1672
1170 1672
1632 1672
1613 1632
612 678
1601 1644
1618 1628
1613 1672
629 1613
629 1672
1170 1613
616 681
1170 1672
629 1613
1170 1613
1108 1644
612 678
629 1672
619 699
1170 629
1170 1672
1170 1613
1108 1644
1170 629
641 695
629 1672
663 661
600 613
619 699
1613 1672
689 695
1170 1672
612 641
600 658
1181 1622
1170 1613
1108 1644
851 860
612 678
629 1672
616 681
828 836
641 678
619 699
1170 629
1170 1672
1164 1181
1164 1674
612 641
600 658
629 1613
656 682
629 1672
600 613
1613 1672
619 699
1170 629
1170 1672
836 863
629 1613
1108 1644
600 658
600 613
629 1672
613 658
623 658
683 692
619 699
1613 1672
1170 1672
628 694
621 695
1170 629
612 678
666 681
1170 629
1170 1672
1644 1667
629 1672
815 821
600 623
651 667
1164 629
616 666
1108 1667
609 623
660 681
1613 1672
828 836
600 658
641 826
666 683
619 699
1164 1672
1170 1613
1613 1672
681 692
1170 629
1170 1672
1644 1667
635 667
1108 1667
629 1672
666 681
667 681
619 699
666 661
826 1181
627 651
627 667
660 681
836 867
828 836
651 681
627 635
658 698
635 651
849 896
1170 1613
623 658
1629 1644
1170 629
1170 1672
629 1672
836 855
1148 1601
619 1645
666 661
641 699
699 1645
828 836
660 681
1613 1672
627 683
658 694
627 635
619 699
1629 1667
1170 1613
699 1492
828 855
686 696
1629 1644
619 641
1170 629
1170 1672
678 1649
1644 1667
616 694
629 1672
619 1645
641 699
699 1645
1613 1672
641 1645
627 635
616 692
683 692
619 699
1629 1667
699 1492
686 696
1629 1644
619 641
606 863
1170 629
1170 1672
678 1649
621 695
629 1672
619 1645
1108 1667
641 699
699 1645
641 1492
1492 1645
828 836
641 1645
683 834
627 635
619 699
1629 1667
619 1492
663 696
834 836
699 1492
686 696
828 834
619 641
1170 629
1170 1672
629 1672
661 836
619 1645
629 1613
1108 1667
641 699
699 1645
641 1492
828 836
641 1645
683 692
619 699
661 828
1629 1667
663 696
834 836
607 616
686 696
1108 1629
828 834
1629 1644
619 1492
1170 629
1170 1672
692 836
629 1672
641 1492
619 1645
629 1613
1108 1667
641 699
699 1645
660 681
683 836
661 683
661 692
828 836
683 692
619 699
1629 1667
834 836
699 1492
828 834
1629 1644
619 641
629 1672
619 1645
629 1613
1108 1667
826 1181
641 699
699 1645
660 681
1613 1672
661 683
661 692
828 836
616 663
641 1645
683 692
619 699
1629 1667
834 836
616 683
828 834
1629 1644
619 641
1170 1672
1644 1667
629 1672
619 1645
641 699
699 1645
1613 1672
616 847
828 836
641 1645
616 692
683 692
619 699
1629 1667
834 836
616 683
636 694
828 834
1629 1644
619 641
1170 629
1170 1672
629 1672
641 1645
1108 1667
641 699
699 1645
651 666
1613 1672
828 836
1492 1674
684 826
616 692
619 699
1629 1667
834 836
1492 1674
619 641
1170 629
1170 1672
621 695
629 1672
629 1613
1108 1667
641 699
651 666
660 681
1613 1672
828 836
828 834
616 692
619 699
1629 1667
834 836
817 847
834 836
629 1613
828 836
663 686
1492 1674
616 683
641 699
686 696
627 635
828 834
1629 1644
660 681
619 699
1170 629
1170 1672
1645 1674
629 1672
681 817
828 836
699 1674
1170 629
1492 1674
629 1672
641 699
627 635
685 695
828 834
1629 1644
619 641
619 699
1613 1672
1170 1672
817 847
1645 1674
834 836
825 833
619 1674
686 696
828 834
619 641
1170 1672
1651 1674
629 1672
641 1674
629 1613
621 685
641 699
699 1674
828 836
1613 1672
685 695
627 635
619 699
1629 1667
834 836
817 847
825 836
616 683
686 696
855 873
1629 1644
619 641
1170 629
1651 1674
825 828
629 1672
649 651
619 699
629 1613
641 699
833 836
685 695
1613 1672
1164 1492
825 833
1629 1667
817 847
825 836
686 696
817 823
619 641
1170 629
692 869
1170 1672
1651 1674
616 869
629 1672
825 833
641 699
833 836
1164 1492
828 836
683 869
683 692
619 699
1629 1667
815 880
817 847
821 890
825 836
686 696
1629 1644
619 641
1170 629
692 869
1170 1672
1651 1674
629 1672
694 869
629 1613
826 1181
641 699
833 836
660 681
683 692
619 699
1629 1667
815 880
817 847
825 836
686 696
619 641
1170 629
600 854
1170 1672
1651 1674
629 1672
629 1613
826 1181
641 699
651 666
1613 1672
685 695
616 692
619 699
1492 1651
817 847
629 1613
1108 1644
612 681
629 1672
641 699
686 696
616 692
651 666
660 681
619 699
1170 629
646 684
600 854
1651 1674
612 660
817 847
629 1613
621 695
666 667
629 1672
641 699
686 696
616 692
651 666
684 826
651 667
1170 629
600 854
1170 1672
1651 1674
817 847
815 880
826 1181
619 699
686 696
619 641
1170 629
1170 1672
1651 1674
629 1672
612 1649
651 667
619 699
641 699
815 896
806 821
651 666
607 609
849 889
817 847
686 696
1170 629
1170 1672
1651 1674
629 1672
612 1649
651 667
646 684
641 699
815 896
651 666
1613 1672
661 692
666 667
616 661
648 683
627 635
616 692
663 686
619 699
817 847
648 694
616 683
686 696
1170 629
1170 1672
1651 1674
880 896
629 1672
612 1649
651 667
641 699
1613 1672
661 683
661 692
616 661
627 635
616 692
683 692
619 699
817 847
648 694
616 683
686 696
880 887
1170 629
1170 1672
1651 1674
646 1181
629 1672
880 896
646 684
661 683
661 692
616 661
627 635
616 692
683 692
619 699
834 836
817 847
661 683
884 886
616 661
648 694
616 683
686 696
627 635
683 692
619 699
1170 629
1613 1672
817 847
1170 1672
1651 1674
616 692
629 1672
821 884
646 826
1601 1644
616 661
616 683
817 823
612 1649
686 696
627 635
683 692
619 699
1170 629
1170 1672
646 684
1651 1674
661 683
629 1672
616 683
686 696
1170 629
1170 1672
1644 1674
629 1672
646 684
619 1164
667 884
1492 1667
828 836
1613 1672
860 864
612 674
661 683
685 695
641 1164
616 661
627 635
616 692
683 692
619 699
817 823
817 847
1164 1645
686 696
880 887
609 815
1170 629
1170 1672
1651 1674
616 692
629 1672
651 686
646 684
619 1164
667 683
1601 1644
636 694
1613 1672
661 683
661 692
666 667
641 1164
616 661
683 692
619 699
1164 1645
686 696
651 663
1170 1672
600 854
1651 1674
629 1672
651 686
651 696
646 684
619 1164
1108 1644
826 1181
828 836
660 681
1613 1672
685 695
641 1164
616 661
663 686
683 692
619 699
1164 1645
616 683
686 696
651 663
823 847
1170 629
1170 1672
1651 1674
629 1672
651 686
619 1164
619 1645
641 699
699 1645
860 864
661 683
661 692
685 695
666 667
641 1164
616 692
619 699
1164 1645
699 1164
686 696
619 641
823 847
1651 1674
616 692
629 1672
651 686
651 696
619 1164
619 1645
1108 1644
851 860
641 699
699 1645
661 683
616 661
619 699
1164 1645
616 683
613 658
686 696
823 847
1170 629
1170 1672
1651 1674
629 1672
651 686
651 696
1108 1644
699 1164
641 699
699 1645
660 681
661 683
661 692
616 661
616 692
619 699
1164 1645
821 887
613 658
686 696
619 641
823 847
1170 629
1170 1672
1651 1674
676 860
1671 1856
629 1672
880 896
651 686
646 684
619 1164
1108 1644
699 1164
641 699
815 896
699 1645
660 681
860 864
661 683
661 692
828 836
612 678
821 896
627 635
683 692
619 699
817 847
1164 1645
616 683
699 1164
686 696
855 873
619 641
1170 629
1170 1672
1651 1674
1629 1658
629 1672
880 896
651 696
674 602
619 1645
641 699
860 864
674 677
661 683
661 692
828 836
821 896
821 891
616 661
627 635
683 692
619 699
834 836
1164 1645
616 683
699 1164
686 696
619 641
1170 629
1170 1672
1651 1674
1671 1856
646 1181
629 1672
880 896
661 692
651 686
651 696
646 684
619 1164
641 699
815 896
660 681
661 683
641 1164
684 826
627 635
683 692
619 699
1164 1645
616 683
860 864
699 1164
686 696
619 641
1170 1672
1651 1674
646 1181
651 686
651 696
646 684
646 826
1108 1644
1601 1644
641 699
815 896
699 1645
660 681
1108 1672
661 692
666 667
616 661
683 692
619 699
817 847
815 891
821 890
628 666
1164 1645
616 683
1108 1672
699 1164
686 696
609 627
1170 1672
1651 1674
890 896
609 635
651 686
619 1645
641 699
815 896
660 681
1613 1672
860 864
661 683
661 692
666 667
821 896
616 661
1181 1674
627 635
616 692
683 692
619 699
609 635
854 855
616 683
613 658
686 696
609 627
1651 1674
1492 1678
1671 1856
815 821
651 686
651 696
660 681
1613 1672
661 683
661 692
1644 1672
1164 1679
616 661
627 635
683 692
612 1649
860 864
613 658
686 696
855 873
609 627
676 860
661 694
609 635
651 686
651 696
1492 1618
1492 1613
660 681
1613 1672
1658 1674
613 658
855 873
1645 1671
1170 1632
676 860
616 694
609 635
612 1649
651 686
1492 1618
1492 1613
613 683
683 698
660 681
1190 1686
661 683
828 836
616 661
609 627
619 699
612 1649
613 658
686 696
855 873
609 627
628 847
828 836
1651 1674
651 683
609 635
613 683
651 661
626 651
814 849
658 694
616 661
667 683
686 696
1632 1856
667 696
609 635
627 635
651 694
855 873
609 627
660 681
1613 1672
663 661
1651 1674
663 696
1632 1856
826 832
855 873
1613 1672
1170 1672
1651 1674
663 661
651 694
855 873
867 873
683 692
1613 1672
1651 1674
627 635
867 873
686 696
1613 1672
609 682
1651 1674
855 873
686 696
600 658
826 832
641 699
627 635
855 873
867 873
660 681
1613 1672
609 682
1629 1658
860 864
686 696
855 873
616 681
609 613
663 686
867 873
1613 1672
627 635
1651 1674
628 694
855 873
616 681
867 873
660 681
836 854
1613 1672
1170 1672
1651 1674
648 666
1632 1856
600 613
627 635
855 873
616 681
676 860
1170 1672
1651 1674
648 666
616 681
600 613
627 635
855 873
1613 1672
1190 1686
1170 1672
648 666
832 834
600 658
826 832
600 613
627 635
855 873
616 681
609 613
826 836
1613 1672
1170 1672
1651 1674
676 860
600 658
826 832
832 836
600 613
627 635
855 873
616 681
609 613
826 836
1613 1672
1170 1672
600 658
609 613
855 873
616 681
855 867
1613 1672
832 836
1170 1672
1651 1674
600 658
609 613
660 692
600 613
855 873
806 822
826 836
1613 1672
832 836
1170 1672
834 836
826 832
831 869
627 635
683 692
832 836
1613 1672
1170 1672
1651 1674
826 832
600 613
627 635
855 873
616 681
609 613
1613 1672
832 836
1170 1672
1651 1674
676 860
851 860
860 864
600 613
616 681
609 613
826 836
1613 1672
832 836
1170 1672
851 860
826 832
600 613
616 681
609 613
1613 1672
1170 1672
827 828
826 832
616 681
609 613
660 681
1170 1672
616 681
609 613
851 860
1170 1672
1190 1686
616 681
1190 1686
1613 1672
1170 1672
826 832
616 681
609 613
1613 1672
1190 1686
826 832
600 613
616 681
1613 1672
1170 1672
600 613
616 681
683 698
1613 1672
1170 1672
676 873
616 681
609 613
1613 1672
1170 1672
676 873
600 613
609 613
1613 1672
1190 1686
1170 1672
826 832
600 613
1181 1622
651 661
1613 1672
1190 1686
1170 1672
826 832
1181 1622
651 661
1613 1672
1190 1686
1181 1622
826 832
851 860
1613 1672
1492 1613
826 832
600 613
1181 1622
1613 1672
1190 1686
648 666
1492 1613
1181 1622
1613 1672
1190 1686
1170 1672
648 666
1492 1613
676 873
1181 1622
1190 1686
1170 1672
648 666
1181 1622
616 681
1170 1672
1181 1622
1170 1672
807 889
851 860
1492 1613
826 832
851 860
1181 1622
1170 1672
851 860
826 832
1181 1622
1613 1672
1170 1672
1181 1622
826 832
676 873
1613 1672
1170 1672
1181 1622
826 832
651 661
1181 1622
1170 1672
1190 1686
1181 1622
826 832
676 873
1170 1672
1181 1622
826 832
1181 1622
1170 1672
1613 1672
1181 1622
826 832
1613 1672
1181 1622
826 832
676 873
1613 1672
1181 1622
1170 1672
1613 1672
1181 1622
1170 1672
1613 1672
1181 1622
826 832
1613 1672
1170 1672
1492 1613
826 832
1181 1622
1613 1672
1170 1672
648 666
1492 1613
826 832
1181 1622
1613 1672
1170 1672
648 666
1181 1622
648 666
1613 1672
663 661
826 832
1181 1622
683 698
1613 1672
663 661
1170 1672
648 666
1181 1622
826 832
1613 1672
648 666
612 678
826 832
1181 1622
1613 1672
648 666
1181 1622
612 678
826 832
1613 1672
648 666
612 678
826 832
1181 1622
1613 1672
648 666
612 678
660 692
1181 1622
1613 1672
648 666
1181 1622
612 678
826 832
660 692
1613 1672
1170 1672
612 678
826 832
600 613
1181 1622
1613 1672
1170 1672
648 666
1181 1622
612 678
826 832
1613 1672
1190 1686
1170 1672
648 666
612 678
826 832
600 613
1181 1622
609 613
1190 1686
1181 1622
612 678
600 613
1613 1672
1190 1686
1181 1622
851 860
612 678
616 681
1613 1672
1190 1686
648 666
1492 1613
1181 1622
612 678
616 681
1613 1672
648 666
1492 1613
616 681
851 860
612 678
826 832
1181 1622
1613 1672
1181 1622
676 860
851 860
612 678
826 832
616 681
1613 1672
676 860
676 873
612 678
826 832
1181 1622
1613 1672
648 666
616 681
676 860
676 873
612 678
826 832
600 613
1181 1622
1613 1672
1170 1672
648 666
676 860
676 873
612 678
826 832
600 613
1181 1622
1613 1672
1170 1672
612 678
826 832
1628 1667
1181 1622
1613 1672
1170 1672
648 666
851 860
612 678
826 832
1181 1622
1613 1672
1190 1686
676 873
612 678
826 832
600 613
1181 1622
1613 1672
1190 1686
689 699
612 678
600 613
1181 1622
1613 1672
1190 1686
1181 1622
612 678
826 832
600 613
1613 1672
1190 1686
827 828
1181 1622
612 678
826 832
600 613
1613 1672
1190 1686
1170 1672
612 678
600 613
1181 1622
1613 1672
1190 1686
1170 1672
1181 1622
826 832
612 678
1190 1686
612 678
826 832
1181 1622
1190 1686
1170 1672
676 873
612 678
826 832
1181 1622
1613 1672
1190 1686
1170 1672
827 828
1181 1622
612 678
826 832
616 681
1613 1672
1190 1686
1170 1672
1645 1674
1181 1622
1632 1856
676 873
612 678
826 832
616 681
1613 1672
1190 1686
1170 1672
676 873
612 678
826 832
1181 1622
1190 1686
1170 1672
1632 1856
676 873
612 678
826 832
1181 1622
1613 1672
1190 1686
1170 1672
676 873
612 678
826 832
1181 1622
1613 1672
1190 1686
1170 1672
612 678
826 832
1181 1622
1613 1672
1190 1686
1170 1672
1181 1622
826 832
612 678
1613 1672
1190 1686
676 873
612 678
826 832
1181 1622
1613 1672
1190 1686
1170 1672
827 828
612 678
826 832
1181 1622
1190 1686
1170 1672
827 828
648 666
1181 1622
612 678
826 832
616 681
1613 1672
1190 1686
1170 1672
676 873
612 678
826 832
600 613
1181 1622
1613 1672
1190 1686
1170 1672
827 828
676 873
612 678
826 832
1181 1622
1613 1672
1190 1686
1181 1622
826 832
676 873
612 678
1190 1686
1181 1622
826 832
827 828
612 678
826 832
1181 1622
612 678
1492 1613
612 678
826 832
616 681
1181 1622
683 692
827 828
600 613
1181 1622
612 678
826 832
600 613
616 681
1613 1672
827 828
612 678
826 832
600 613
1181 1622
1613 1672
827 828
612 678
826 832
600 613
1181 1622
612 678
600 613
1181 1622
1613 1672
826 832
827 828
612 678
826 832
600 613
1181 1622
1613 1672
827 828
1181 1622
676 873
600 613
612 678
1613 1672
1492 1613
612 678
826 832
627 635
1181 1622
1613 1672
851 860
612 678
826 832
1181 1622
676 873
827 828
855 863
1181 1622
826 832
600 613
612 678
1181 1622
826 832
676 873
612 678
600 613
676 873
612 678
826 832
1181 1622
683 692
1170 1672
616 681
826 832
1181 1622
612 678
1170 1672
1181 1622
826 832
612 678
1181 1622
826 832
612 678
1170 1672
676 873
612 678
600 613
1181 1622
1190 1686
1170 1672
612 678
826 832
600 613
1181 1622
1190 1686
1170 1672
612 678
826 832
1181 1622
683 692
1190 1686
1170 1672
1492 1613
612 678
826 832
1181 1622
1613 1672
1190 1686
612 678
826 832
1181 1622
1613 1672
1190 1686
827 828
1181 1622
1170 1672
676 860
612 678
1181 1622
826 832
612 678
1170 1672
1181 1622
826 832
612 678
1170 1672
851 860
612 678
1181 1651
686 696
1181 1622
609 613
1170 1672
1181 1622
1170 1672
826 832
612 678
686 696
1181 1622
1170 1672
807 889
612 678
686 696
1181 1622
826 832
827 828
612 678
832 834
1181 1622
826 832
609 613
612 678
686 696
1181 1622
827 828
851 860
612 678
826 832
1181 1622
826 832
683 692
612 678
1181 1622
826 832
612 678
686 696
1181 1622
826 832
612 678
1170 1672
1181 1622
826 832
612 678
1170 1672
1190 1686
612 678
826 832
686 696
1181 1622
1190 1686
1170 1672
612 678
826 832
1190 1686
686 696
1181 1622
1170 1672
612 678
826 832
686 696
1181 1622
1190 1686
827 828
1181 1622
612 678
826 832
686 696
616 681
1170 1672
1181 1622
1170 1672
826 832
612 678
686 696
612 678
826 832
686 696
1181 1622
683 698
1170 1672
827 828
616 681
1181 1622
683 698
612 678
826 832
612 678
826 832
1181 1622
683 698
1170 1672
827 828
612 678
826 832
1181 1622
1190 1686
1170 1672
827 828
832 834
676 860
612 678
826 832
1181 1622
1190 1686
1170 1672
832 834
676 860
612 678
826 832
1181 1622
1190 1686
1170 1672
676 860
612 678
826 832
686 696
1181 1622
1190 1686
1170 1672
832 834
676 860
612 678
826 832
686 696
1181 1622
1190 1686
827 828
612 678
826 832
1181 1622
1613 1672
1190 1686
827 828
1181 1622
1170 1672
612 678
1613 1672
1190 1686
1170 1672
612 678
826 832
1181 1622
1613 1672
1190 1686
1181 1622
827 828
612 678
1613 1672
1190 1686
612 678
663 661
1181 1622
1190 1686
1170 1672
827 828
612 678
826 832
1190 1686
1181 1622
663 661
1170 1672
851 860
612 678
600 613
1181 1622
1613 1672
1190 1686
1170 1672
827 828
612 678
826 832
1181 1622
683 698
683 692
1190 1686
1170 1672
612 678
600 613
1181 1622
683 698
1170 1672
1181 1622
612 678
663 661
600 613
616 681
683 698
1170 1672
612 678
826 832
600 613
1181 1622
1170 1672
827 828
612 678
826 832
660 692
1181 1622
683 698
1170 1672
827 828
612 678
600 613
1181 1622
683 692
1613 1672
827 828
612 678
826 832
1181 1622
683 698
1613 1672
663 661
1164 1660
600 613
612 678
807 889
1181 1622
683 698
1613 1672
663 661
1170 1672
827 828
1181 1622
1170 1672
827 828
612 678
612 678
663 661
1181 1622
1613 1672
1190 1686
1170 1672
827 828
612 678
600 613
1181 1622
609 613
1190 1686
1170 1672
827 828
612 678
600 613
1181 1622
663 661
1170 1672
827 828
1181 1622
612 678
616 681
1618 1628
1613 1672
1190 1686
1170 1672
827 828
1170 1672
676 860
612 678
663 661
686 696
1181 1622
1492 1628
1618 1628
1190 1686
1181 1622
612 678
686 696
616 681
1492 1628
1618 1628
1190 1686
1170 1672
1181 1622
612 678
667 696
826 832
686 696
616 681
1492 1628
1618 1628
612 678
667 696
600 613
1181 1622
1492 1628
1618 1628
827 828
1181 1622
612 678
600 613
616 681
1492 1628
1618 1628
663 661
1170 1672
1492 1613
1181 1622
612 678
660 692
686 696
616 681
1492 1628
1618 1628
1170 1672
616 681
612 678
660 692
686 696
1492 1628
1181 1622
1618 1628
1170 1672
827 828
676 860
612 678
686 696
1181 1622
1492 1628
1618 1628
1170 1672
1170 1601
676 860
612 678
686 696
1181 1622
1492 1628
1618 1628
1170 1672
827 828
676 860
612 678
660 692
686 696
1181 1622
1492 1628
1618 1628
1613 1672
1170 1672
612 678
686 696
1181 1622
1492 1628
1618 1628
1170 1672
612 678
686 696
1181 1622
1492 1628
1618 1628
1613 1672
1170 1672
612 678
600 613
686 696
1181 1622
1492 1628
1618 1628
1613 1672
1190 1686
1170 1672
851 860
612 678
600 613
686 696
1181 1622
1492 1628
1618 1628
1613 1672
1190 1686
612 678
1181 1622
1492 1628
1618 1628
1613 1672
1190 1686
851 860
612 678
1181 1622
1492 1628
1618 1628
1190 1686
1170 1672
851 860
612 678
1181 1622
1492 1628
1618 1628
1190 1686
851 860
612 678
1181 1622
609 613
1492 1628
1618 1628
1170 1672
851 860
612 678
660 692
1181 1622
1492 1628
1618 1628
827 828
1181 1622
851 860
612 678
660 692
1492 1628
1618 1628
1190 1686
1170 1672
612 678
660 692
1181 1622
1492 1628
1618 1628
1190 1686
1170 1672
827 828
1170 1601
616 681
612 678
660 692
1181 1622
1492 1628
1618 1628
1613 1672
1170 1672
1181 1622
612 678
600 613
616 681
1618 1628
1613 1672
1170 1672
1181 1622
1632 1856
612 678
600 613
616 681
660 681
1618 1628
1613 1672
663 661
1170 1672
616 681
612 678
1190 1686
600 613
1181 1622
1618 1628
1613 1672
663 661
1170 1672
1181 1622
612 678
686 696
616 681
1618 1628
663 661
1170 1672
1492 1613
1170 1672
1190 1686
1618 1628
612 678
1181 1622
683 698
612 678
1618 1628
1181 1622
612 678
686 696
616 681
1618 1628
612 678
686 696
1181 1622
683 698
1492 1628
1618 1628
1170 1672
1181 1622
1170 1672
686 696
1618 1628
612 678
612 678
686 696
1181 1622
609 613
1618 1628
663 661
827 828
612 678
1181 1622
1618 1628
1613 1672
1170 1672
827 828
612 678
1181 1622
1618 1628
1613 1672
1170 1672
1181 1622
1170 1672
1618 1628
1613 1672
612 678
1181 1622
1170 1672
827 828
1618 1628
612 678
1181 1622
612 678
686 696
627 635
616 681
1618 1628
1170 1672
628 694
686 696
1181 1622
1618 1628
1613 1672
1170 1672
612 678
612 678
686 696
1181 1622
1618 1628
1613 1672
1170 1672
1181 1622
612 678
660 692
686 696
616 681
1618 1628
1170 1672
1181 1622
612 678
660 692
686 696
616 681
663 686
1618 1628
1613 1672
1170 1672
1181 1622
851 860
612 678
616 681
1618 1628
1613 1672
1170 1672
1181 1622
851 860
612 678
616 681
1618 1628
1613 1672
1170 1672
616 681
612 678
1181 1622
1618 1628
1613 1672
1170 1672
851 860
612 678
1181 1622
1618 1628
1170 1672
1181 1622
851 860
612 678
616 681
660 681
1618 1628
1181 1622
616 681
1618 1628
1613 1672
1181 1622
612 678
616 681
1618 1628
1613 1672
1181 1622
612 678
616 681
1618 1628
1613 1672
1492 1613
612 678
660 692
1181 1622
1618 1628
1613 1672
612 678
1181 1622
1618 1628
1613 1672
1181 1622
612 678
1613 1672
851 860
612 678
660 692
616 681
1181 1622
1618 1628
1613 1672
1170 1672
616 681
612 678
1181 1622
683 692
1618 1628
1613 1672
1181 1622
612 678
616 681
1618 1628
1613 1672
1190 1686
827 828
616 681
1181 1622
827 828
1618 1628
1190 1686
1170 1672
1181 1622
660 692
616 681
1618 1628
1613 1672
1190 1686
827 828
616 681
851 860
1181 1622
1618 1628
1613 1672
612 678
616 681
1181 1622
1618 1628
1613 1672
1181 1622
826 832
1618 1628
1613 1672
1170 1672
1181 1622
1632 1856
612 678
826 832
616 681
1618 1628
1613 1672
1170 1672
1181 1622
612 678
616 681
609 613
1618 1628
1613 1672
1170 1672
616 681
612 678
826 832
1181 1622
1618 1628
1613 1672
1170 1672
616 681
1181 1622
1618 1628
1170 1672
612 678
1181 1622
612 678
616 681
1618 1628
1170 1672
827 828
1181 1622
612 678
616 681
683 698
1618 1628
1613 1672
827 828
616 681
1181 1622
1618 1628
1613 1672
1181 1622
612 678
616 681
683 698
1618 1628
1181 1622
616 681
1613 1672
1170 1672
827 828
1181 1622
616 681
612 678
1613 1672
1170 1672
612 678
1181 1622
683 698
1613 1672
1170 1672
1181 1622
612 678
683 698
1613 1672
1170 1672
616 681
612 678
1181 1622
683 698
1613 1672
1170 1672
616 681
612 678
1181 1622
683 698
1613 1672
1170 1672
827 828
1181 1622
612 678
826 832
616 681
683 698
1492 1628
1613 1672
1170 1672
616 681
612 678
1181 1622
683 698
1492 1628
1613 1672
827 828
1492 1613
1181 1622
612 678
826 832
616 681
683 698
1170 1672
612 678
1181 1622
683 698
1170 1672
612 678
826 832
1181 1622
1170 1672
827 828
612 678
826 832
660 692
1181 1622
683 698
1170 1672
1181 1622
612 678
616 681
1492 1628
1613 1672
1170 1672
612 678
600 613
807 889
1181 1622
1170 1672
612 678
600 613
1181 1622
1613 1672
1170 1672
1190 1679
612 678
826 832
660 692
1181 1622
1492 1628
1613 1672
1170 1672
1492 1613
612 678
660 692
1181 1622
1170 1672
1181 1622
612 678
1613 1672
1492 1613
612 678
1181 1622
1613 1672
1170 1672
1181 1622
1170 1672
612 678
612 678
1181 1622
683 698
683 692
1170 1672
832 834
612 678
1181 1622
609 613
683 698
1170 1672
1181 1622
1170 1672
612 678
612 678
600 613
1181 1622
683 698
1613 1672
1170 1672
1492 1613
612 678
660 692
600 613
1181 1622
612 678
1181 1622
683 698
1613 1672
1170 1672
1492 1613
851 860
612 678
660 692
1181 1622
683 698
1613 1672
1170 1672
827 828
612 678
660 692
1181 1622
1170 1672
612 678
1181 1622
1613 1628
1170 1672
827 828
851 860
612 678
1181 1622
683 698
1613 1672
1170 1672
612 678
1181 1622
683 698
1170 1672
612 678
1181 1622
683 698
1170 1672
612 678
826 832
1181 1622
683 698
1170 1672
612 678
826 832
1181 1622
683 698
660 681
1170 1672
851 860
612 678
826 832
1181 1622
683 698
660 681
1613 1672
1170 1672
827 828
612 678
1181 1622
1492 1628
1613 1672
1170 1672
827 828
1181 1622
1170 1672
612 678
1181 1622
683 698
1170 1672
1181 1622
612 678
826 832
683 698
1170 1672
1181 1622
826 832
627 635
660 681
1613 1672
1170 1672
827 828
616 681
627 635
1181 1622
609 613
683 698
1613 1672
1170 1672
827 828
612 678
627 635
1181 1622
683 698
1613 1672
1170 1672
826 832
627 635
1181 1622
1613 1672
887 891
1181 1622
826 832
627 635
616 681
683 698
1190 1686
827 828
616 681
826 832
660 692
627 635
1181 1622
1613 1628
1613 1672
616 681
612 678
826 832
627 635
1181 1622
1613 1672
827 828
612 678
826 832
1181 1622
1613 1672
1181 1622
612 678
1613 1672
851 860
612 678
826 832
1181 1622
1492 1628
1190 1686
612 678
826 832
1181 1622
827 828
612 678
826 832
1181 1622
1492 1628
1190 1686
1170 1672
827 828
851 860
612 678
826 832
1181 1622
1492 1628
1190 1686
851 860
612 678
826 832
1181 1622
1492 1628
1190 1686
1170 1672
827 828
851 860
612 678
1190 1686
1181 1622
663 661
1170 1672
1632 1856
612 678
826 832
660 692
1181 1622
663 661
1170 1672
1632 1856
612 678
826 832
1181 1622
663 661
1632 1856
612 678
1181 1622
1170 1672
1181 1622
1632 1856
851 860
612 678
826 832
616 681
1492 1628
663 661
1170 1672
616 681
1632 1856
612 678
826 832
1181 1622
1613 1672
663 661
1170 1672
612 678
826 832
1181 1622
1613 1672
612 678
826 832
1181 1622
1492 1628
660 681
1613 1672
1170 1672
832 834
1492 1613
851 860
612 678
826 832
1181 1622
1613 1672
1170 1672
663 661
851 860
612 678
826 832
1181 1622
1613 1672
663 661
1170 1672
616 681
612 678
826 832
1181 1622
1613 1628
1618 1628
1613 1672
663 661
1170 1672
832 834
1492 1613
612 678
1190 1686
1181 1622
683 698
1618 1628
1613 1672
663 661
1170 1672
832 834
851 860
612 678
826 832
1181 1622
1618 1628
1613 1672
1170 1672
612 678
826 832
627 635
1181 1622
1618 1628
1613 1672
1190 1686
1170 1672
827 828
612 678
826 832
1181 1622
1618 1628
1613 1672
1170 1672
1492 1613
1181 1622
612 678
616 652
826 832
660 681
1618 1628
1613 1672
1170 1672
612 678
616 652
826 832
627 635
1181 1622
1618 1628
1613 1672
1170 1672
1181 1622
1618 1628
660 692
1181 1622
651 661
683 692
1618 1628
1613 1672
663 661
1170 1672
612 678
660 692
1181 1622
683 692
1618 1628
663 661
612 678
660 692
1181 1622
1618 1628
663 661
1170 1672
827 828
612 678
826 832
686 696
1181 1622
609 613
1618 1628
1170 1672
612 678
1181 1622
609 613
1618 1628
663 661
1170 1672
612 678
826 832
1181 1622
609 613
1618 1628
663 661
1170 1672
832 834
612 678
1181 1622
609 613
660 681
1618 1628
1170 1672
612 678
1181 1622
609 613
1618 1628
1613 1672
612 678
1181 1622
1618 1628
1181 1622
851 860
612 678
616 681
609 613
1618 1628
663 661
1632 1856
612 678
616 681
1618 1628
1613 1672
1613 1632
612 678
1618 1628
612 678
1181 1622
1618 1628
1190 1686
612 678
826 832
600 613
1181 1622
609 613
1618 1628
1190 1686
1632 1856
612 678
826 832
1181 1622
609 613
1618 1628
1190 1686
612 678
826 832
1181 1622
683 692
1618 1628
1613 1672
1190 1686
1170 1672
1632 1856
612 678
826 832
1181 1622
1618 1628
1613 1672
1190 1686
1632 1856
612 678
1181 1622
683 692
1618 1628
1613 1672
1170 1672
827 828
1181 1622
1632 1856
612 678
660 692
616 681
609 613
1618 1628
1170 1672
827 828
1170 1672
612 678
660 692
1181 1622
609 613
1618 1628
1190 1686
1181 1622
612 678
616 681
1618 1628
1181 1622
612 678
616 681
1618 1628
1613 1672
1170 1672
1632 1856
612 678
1181 1622
1618 1628
1613 1672
1190 1686
1170 1672
612 678
1181 1622
1618 1628
1613 1672
1170 1672
851 860
612 678
1618 1628
1613 1672
623 681
1170 1672
612 678
1181 1622
1618 1628
1613 1672
1170 1672
827 828
612 678
1181 1622
1618 1628
1190 1686
1170 1672
827 828
612 678
807 889
1181 1622
1618 1628
1190 1686
1170 1672
1181 1622
612 678
807 889
616 681
1618 1628
1170 1672
827 828
851 860
612 678
1181 1622
1618 1628
1170 1672
827 828
612 678
1181 1622
1618 1628
1613 1672
1170 1672
612 678
807 889
1181 1622
1618 1628
1613 1672
1170 1672
1181 1622
1170 1672
1618 1628
1613 1672
612 678
1170 1672
827 828
1618 1628
1181 1622
1170 1672
1618 1628
612 678
1170 1672
612 678
1618 1628
1170 1672
827 828
851 860
1618 1628
612 678
1181 1622
612 678
807 889
616 681
1618 1628
832 834
612 678
1181 1622
1618 1628
1170 1672
827 828
832 834
1170 1672
612 678
1618 1628
1181 1622
1170 1672
832 834
1618 1628
612 678
612 678
1181 1622
683 692
1618 1628
1170 1672
832 834
1181 1622
832 834
683 692
1618 1628
612 678
1181 1622
660 681
683 692
612 678
1618 1628
612 678
600 613
686 696
1181 1622
683 692
1618 1628
623 681
660 681
832 834
635 683
1181 1622
612 678
686 696
616 681
1618 1628
663 661
635 698
652 660
612 678
627 635
686 696
1181 1622
660 681
1618 1628
1170 1672
656 682
616 652
1618 1628
652 656
652 682
612 678
612 678
1618 1628
832 834
612 678
823 893
1181 1622
1618 1628
636 667
652 656
1181 1622
612 678
893 896
663 681
651 896
652 656
1618 1628
1170 1672
623 893
623 896
612 678
1618 1628
1492 1613
612 678
616 692
623 893
1618 1628
1613 1672
623 681
1170 1672
851 860
612 678
883 886
893 896
663 681
1181 1622
694 893
1618 1628
1613 1672
1170 1672
612 678
681 694
893 896
616 692
636 692
1618 1628
1613 1672
1170 1672
612 678
636 683
616 692
636 692
1618 1628
1613 1672
1170 1672
812 884
612 678
826 832
616 692
636 692
1618 1628
1613 1672
1170 1672
612 678
1164 1190
616 692
1618 1628
1613 1672
1170 1672
827 828
821 886
1618 1628
1613 1672
616 636
881 891
636 683
821 886
616 683
1108 1601
616 692
1181 1622
636 692
1618 1628
616 683
824 880
880 887
683 692
619 699
1170 1672
619 685
851 860
606 611
1108 1601
880 887
685 699
619 699
683 692
1629 1632
1170 1672
619 685
821 883
626 698
851 860
619 699
619 685
685 699
1181 1622
605 641
683 692
1181 1645
1651 1674
616 692
832 834
619 685
652 682
605 685
641 699
638 1672
685 699
605 641
1181 1645
646 684
605 619
605 699
665 602
638 1672
626 698
1181 1622
809 880
666 683
853 855
880 887
626 698
1181 1622
628 636
683 692
646 684
827 828
605 1649
616 683
1628 1686
616 692
1181 1622
683 692
646 684
1601 1856
626 698
832 869
855 863
616 683
854 858
1181 1622
683 692
646 684
683 692
836 863
855 863
836 855
1601 1856
1164 1622
1164 1645
611 649
1164 1622
616 692
611 649
683 692
1164 1622
616 692
628 636
683 692
626 698
628 636
628 636
626 698
628 636
1164 1622
616 683
628 636
855 869
855 857
855 869
683 692
600 613
1181 1651
600 613
600 613
1181 1651
669 1190
669 1190
1181 1651
1181 1651
1181 1651
669 1190
1181 1651
669 1190
1181 1651
669 1190
628 636
669 1190
628 636
669 1190
669 1190
1170 1672
855 869
669 1190
1658 1674
669 695
620 669
1190 1658
855 869
669 1190
1651 1674
669 1190
669 1686
669 1686
669 674
669 674
669 1190
669 1686
674 1686
669 674
669 1190
681 694
669 1190
669 1190
669 1190
628 636
681 694
669 1190
681 694
669 1190
1651 1674
681 694
681 694
681 694
1170 1672
681 694
1190 1644
1170 1672
1190 1644
681 694
1170 1672
1170 1672
628 636
1170 1672
628 636
628 636
1674 1678
1190 1644
1674 1678
1170 1672
1674 1678
681 694
628 636
1170 1672
681 694
1613 1672
1190 1644
601 827
681 694
1613 1672
1170 1672
1170 1672
681 694
1170 1672
1170 1613
681 694
1170 1672
1170 1672
681 694
1170 1672
1651 1672
1170 1678
1181 1674
1148 1190
1148 1672
1148 1190
1170 1672
1613 1672
1672 1678
867 868
681 694
1170 1672
867 868
1181 1674
1190 1632
628 636
1170 1672
1671 1672
867 868
681 694
1632 1671
1170 1672
1632 1672
1671 1672
1613 1632
1148 1190
641 699
619 641
1613 1672
609 627
685 699
619 638
628 636
609 627
623 654
609 627
641 699
623 654
609 627
619 638
623 654
609 627
641 699
860 868
867 868
623 654
609 627
641 862
641 699
699 863
623 654
609 627
1658 1672
699 863
623 654
609 627
619 638
623 654
623 654
851 860
1190 1644
623 654
641 699
1181 1674
623 654
1658 1674
851 860
1190 1644
1190 1644
1181 1674
1190 1644
1190 1644
681 694
654 694
681 694
1148 1644
1658 1678
681 694
699 862
1658 1678
641 699
1658 1678
654 694
654 694
641 862
641 699
1181 1674
1658 1678
854 858
669 687
641 699
681 694
641 862
1181 1674
681 694
854 858
1181 1674
1658 1678
1181 1674
1658 1678
1181 1658
681 694
1181 1674
641 699
669 687
1181 1674
1190 1644
641 699
669 687
1658 1674
1190 1644
662 669
1658 1674
1651 1674
669 687
1181 1674
1658 1674
1658 1674
641 699
1181 1674
1658 1678
1181 1674
1658 1674
646 684
1181 1674
646 669
1658 1674
1181 1674
627 635
1658 1674
654 661
1181 1674
1651 1674
1148 1644
627 635
1181 1674
1170 1672
1190 1644
1651 1674
1148 1644
1190 1644
1181 1674
1170 1672
1170 1672
652 656
831 868
609 635
609 627
627 635
1181 1651
609 635
681 694
627 635
684 1651
609 627
1190 1644
609 627
1170 1672
641 699
627 635
684 1181
1170 1672
1651 1674
1190 1671
641 863
684 1181
1170 1672
1613 1672
641 863
1632 1671
1613 1672
1190 1644
1170 1672
1651 1674
831 868
1170 1672
1651 1674
641 863
1170 1672
1651 1674
1613 1672
1170 1672
627 635
1613 1672
1170 1672
654 681
609 635
623 1678
1170 1672
623 1678
1148 1644
1613 1672
661 834
1170 1672
623 1678
1613 1672
661 834
627 658
627 635
609 627
1613 1672
1658 1674
1170 1672
654 681
623 1678
627 635
1672 1674
1613 1672
1170 1672
623 1678
1148 1686
627 1678
1672 1674
1658 1674
1170 1672
1651 1674
623 1678
620 674
1672 1674
1658 1674
1170 1672
1651 1674
623 1678
855 869
641 695
854 858
699 862
1658 1674
1170 1672
1651 1674
623 1678
855 869
1672 1674
623 1678
1658 1674
1170 1672
1651 1674
609 661
1651 1658
1672 1674
1190 1492
1651 1674
1170 1672
623 1678
609 661
654 681
651 681
681 694
1672 1674
609 627
623 1678
1190 1644
1170 1672
1651 1674
627 661
609 661
681 694
1672 1674
695 699
1170 1672
654 681
1651 1674
681 694
1672 1674
609 661
1651 1674
1190 1644
851 864
1170 1672
654 681
1170 1674
623 1678
654 694
855 869
641 699
1672 1674
1492 1674
1170 1672
1651 1674
1170 1674
1164 1645
641 699
1672 1674
1492 1674
1658 1674
1170 1672
1651 1674
1651 1658
641 699
1672 1674
1658 1672
1658 1674
1170 1672
1651 1674
1170 1672
654 681
641 699
1651 1674
623 1678
620 674
681 694
1672 1674
1492 1674
1170 1672
654 681
1651 1674
1170 1672
1164 1645
681 694
1632 1671
1492 1674
1492 1651
1190 1644
1632 1662
1164 1671
1190 1644
1170 1672
654 681
654 694
827 834
1651 1678
1674 1678
1170 1672
654 681
1651 1674
641 685
641 699
1674 1678
654 681
1164 1644
827 834
1181 1651
641 685
641 699
681 694
1164 1190
1674 1678
1181 1678
654 681
1492 1678
628 636
641 699
1181 1651
1164 1644
1674 1678
1148 1658
654 681
812 884
1492 1678
628 636
1672 1678
1181 1651
681 694
641 699
1662 1678
1492 1674
1674 1678
1170 1672
654 681
1492 1678
1672 1678
1181 1651
857 869
641 699
834 884
1164 1644
1492 1674
1674 1678
641 678
1170 1672
1181 1678
1148 1658
654 681
641 699
857 869
1164 1644
880 887
654 667
1674 1678
1662 1674
641 685
1181 1678
1170 1672
654 681
654 694
667 681
855 857
1672 1678
884 887
1674 1678
641 685
857 869
1170 1672
814 895
1148 1662
1181 1651
641 685
667 849
1164 1644
1674 1678
1148 1658
1658 1662
1170 1672
628 636
1672 1678
1148 1662
1148 1658
1181 1651
641 685
1181 1674
1674 1678
1658 1662
1170 1672
855 869
1651 1662
855 857
1672 1678
1148 1662
1181 1651
1181 1674
1170 1678
855 869
1148 1658
1170 1672
1651 1674
807 893
654 694
1672 1678
667 847
1181 1674
667 817
1170 1672
807 893
817 847
1672 1678
667 817
636 893
1181 1674
683 692
1613 1672
1170 1672
628 817
817 847
1672 1678
641 699
641 685
855 893
1181 1674
683 1181
683 1658
683 692
1170 1672
641 699
893 898
1658 1674
1170 1672
654 681
641 699
1181 1674
641 699
1181 1674
685 699
699 1674
1651 1674
616 683
666 1686
1181 1674
1181 1686
683 698
654 681
666 1181
1181 1674
666 1181
641 699
636 809
1651 1686
681 694
1181 1674
1164 1644
681 694
1613 1672
654 681
1164 1644
1613 1672
1181 1674
641 691
1164 1644
1181 1674
681 694
681 694
621 684
1613 1672
1164 1644
681 694
1492 1651
1651 1674
621 684
641 699
1613 1672
621 684
1613 1672
1644 1645
681 694
641 691
1181 1674
641 691
1613 1672
1170 1672
1651 1674
1613 1672
1613 1672
684 695
1181 1674
1613 1672
1170 1672
1613 1672
1170 1672
1613 1672
1170 1672
1181 1674
684 695
681 694
684 695
1181 1674
1170 1672
684 695
1492 1651
619 684
684 695
1181 1674
1170 1672
1492 1651
1170 1672
1492 1651
1181 1674
619 684
1492 1651
1170 1672
1170 1672
1492 1651
684 695
619 684
619 684
1613 1672
1148 1658
1492 1651
1613 1672
619 684
1613 1672
1181 1674
684 695
619 684
1613 1672
684 695
1181 1674
1613 1672
1148 1658
1613 1672
1148 1658
1181 1674
1651 1674
1181 1674
619 684
1613 1672
1651 1674
1613 1672
1651 1674
1164 1644
1613 1672
621 684
619 684
684 695
1613 1672
1651 1674
621 684
600 613
1651 1674
1613 1672
1170 1672
1613 1672
1170 1672
1651 1674
1613 1672
1170 1672
1651 1674
641 699
1613 1672
641 699
1613 1672
1170 1672
684 695
619 684
1651 1674
636 869
641 699
1613 1672
1170 1672
641 1674
646 684
619 684
641 1674
1170 1672
641 699
1181 1674
641 1674
1170 1672
1651 1674
641 699
1181 1674
1170 1672
1651 1674
641 699
1492 1651
1613 1672
1651 1674
641 699
1613 1672
1651 1674
641 699
1613 1672
1651 1674
641 699
1613 1672
641 1674
641 699
1613 1672
641 1674
1651 1674
641 699
1613 1672
1658 1678
641 699
681 694
1148 1678
1613 1672
1148 1658
641 1674
1170 1672
1651 1674
1164 1644
1613 1678
641 699
1658 1678
1170 1672
1148 1658
641 1674
1148 1658
1651 1674
641 699
619 695
641 1674
641 699
1181 1674
1658 1678
851 864
1651 1674
641 699
1613 1678
619 695
641 699
1613 1678
641 699
641 1674
1613 1672
851 864
1651 1674
1613 1678
641 699
1181 1674
1613 1672
636 864
1651 1674
1170 1672
1651 1674
641 699
619 684
1613 1678
641 699
1181 1674
619 695
636 864
1170 1672
1651 1674
619 684
851 864
1651 1674
641 699
641 1674
684 695
641 699
1651 1674
1651 1674
641 699
619 684
851 864
684 695
641 699
641 699
619 684
636 864
684 695
641 699
1613 1672
1170 1672
641 699
619 684
1613 1672
636 864
1613 1672
851 864
641 699
1613 1672
851 864
1651 1674
641 699
1613 1672
851 864
1170 1672
1613 1672
851 864
1170 1672
1164 1644
1170 1672
636 864
860 869
1170 1672
1613 1672
851 864
636 860
1613 1672
851 864
636 860
851 860
1613 1672
860 864
851 864
851 860
1613 1672
1170 1672
636 860
1613 1672
636 851
860 864
851 860
1613 1672
636 860
860 864
641 691
1170 1672
646 684
619 684
636 851
641 691
1613 1672
860 864
851 860
1613 1672
636 860
1181 1674
641 691
1651 1674
619 695
851 860
851 860
636 860
619 695
851 864
1170 1672
1651 1674
1651 1674
1613 1672
851 860
641 691
1181 1674
636 860
1492 1674
1613 1672
851 860
636 860
641 691
1613 1672
636 860
1613 1672
860 864
851 864
1492 1651
1613 1672
851 860
1651 1674
638 695
636 851
1613 1672
851 860
638 695
851 860
636 860
638 695
1148 1678
1613 1672
1651 1674
636 851
851 860
636 860
638 695
1148 1678
1613 1672
636 851
851 860
1651 1674
638 695
883 890
1613 1672
851 860
1651 1674
638 695
1613 1672
1651 1674
851 860
1651 1674
638 695
1613 1672
1651 1674
641 691
692 698
851 860
1613 1672
1181 1674
1148 1678
641 691
803 807
1651 1674
803 807
1651 1674
626 698
1613 1672
646 684
851 860
665 602
619 638
638 695
626 698
1148 1678
1613 1672
851 860
619 638
638 695
626 698
1613 1672
851 860
1613 1672
619 638
638 695
619 695
641 691
1651 1674
851 860
1613 1672
841 854
1164 1644
638 695
626 698
641 691
851 860
1613 1672
638 695
641 691
803 807
851 860
681 694
1613 1672
851 860
638 695
1613 1672
626 698
638 695
851 860
638 695
851 860
626 698
855 868
851 860
638 695
626 698
1613 1672
1170 1672
692 698
1613 1672
692 698
851 860
867 868
1613 1672
621 638
851 860
1613 1672
851 860
814 889
1492 1651
855 869
851 860
831 868
1613 1672
867 868
851 860
1651 1674
1613 1672
851 860
619 638
626 698
1613 1672
1651 1674
626 692
1651 1674
636 860
851 860
1164 1644
1651 1674
851 860
683 838
1613 1672
851 860
1651 1674
683 692
1613 1672
851 860
1622 1645
646 695
1613 1672
683 692
1651 1674
851 860
1164 1644
626 698
683 692
1613 1672
646 695
1651 1674
851 860
1492 1651
1622 1645
815 896
636 860
1181 1674
683 692
1613 1672
1651 1674
851 860
1492 1651
1181 1674
641 699
815 896
1613 1672
1170 1672
815 887
851 860
1181 1674
626 698
838 852
689 1622
1613 1672
1170 1672
887 896
851 860
815 887
1613 1672
1651 1674
619 646
851 860
626 698
1613 1672
646 684
1651 1674
851 860
815 887
626 698
1613 1672
646 684
1651 1674
851 860
815 887
626 698
683 698
1613 1672
1170 1672
646 684
1651 1674
626 683
851 860
1181 1674
841 855
1613 1672
646 684
1651 1674
626 698
626 683
851 860
1613 1672
683 692
641 691
646 684
1651 1674
619 646
1613 1672
1492 1651
626 698
683 698
641 691
646 684
1651 1674
619 646
1164 1644
1181 1674
626 698
646 684
1651 1674
626 683
619 646
1164 1644
1181 1674
626 698
1613 1672
646 684
1651 1674
1164 1644
1613 1672
803 807
1651 1674
1181 1674
626 698
851 860
1181 1674
626 698
683 692
803 807
1170 1672
1651 1674
803 807
1651 1674
1613 1672
1651 1674
1181 1674
1613 1672
851 860
1164 1644
1181 1674
626 698
1613 1672
1651 1674
807 893
626 683
1164 1644
851 860
636 860
1181 1674
626 698
1651 1674
807 893
1622 1645
626 698
1613 1672
1651 1674
1628 1629
683 698
1651 1674
855 869
1181 1674
636 860
683 698
1651 1674
636 869
1628 1629
1164 1644
852 860
1613 1672
1651 1674
626 683
1628 1629
1613 1672
1651 1674
807 893
650 674
860 869
620 674
813 836
1181 1674
683 698
1613 1672
1651 1674
1622 1645
1164 1644
1181 1674
823 887
683 698
852 860
1613 1672
1651 1674
1164 1644
1181 1674
1632 1671
683 698
636 660
883 886
1651 1674
1613 1672
815 896
1644 1671
1181 1674
1632 1644
883 886
1628 1629
1164 1644
1181 1674
626 698
836 854
636 660
1164 1644
1181 1674
628 636
1164 1644
1181 1674
854 858
1632 1671
636 660
600 613
1164 1645
813 836
1164 1644
1181 1674
849 884
1632 1671
636 660
1181 1674
849 884
1632 1671
626 698
1644 1856
1181 1674
849 884
636 660
1492 1651
807 849
600 613
1181 1674
1632 1671
636 660
807 849
849 884
626 698
636 660
1632 1671
1613 1672
807 849
1181 1674
849 884
626 698
636 660
1613 1672
807 849
807 884
699 1170
1181 1674
849 884
626 698
636 660
1170 1672
626 683
807 884
1181 1674
849 884
636 660
1613 1672
807 849
699 1672
1170 1672
1651 1674
807 884
1181 1674
636 660
641 691
1170 1672
1651 1674
681 694
641 691
1672 1674
636 660
627 658
881 897
1181 1674
609 627
1629 1671
1613 1672
627 635
1170 1672
627 682
1628 1629
683 1613
636 660
636 699
623 1678
666 699
691 1148
668 687
1613 1672
807 849
627 635
1632 1671
601 682
686 696
1170 1672
1651 1674
807 884
656 683
636 1148
692 1672
627 660
692 699
658 682
627 698
628 1672
668 687
682 1686
609 601
827 834
847 1658
686 696
698 1674
600 609
678 698
636 601
807 884
600 656
623 1674
660 601
668 687
627 601
609 613
847 1658
600 658
648 661
686 696
628 1674
667 1674
807 849
663 696
600 658
661 696
619 695
636 661
635 648
635 636
635 667
860 869
667 661
635 660
600 658
661 686
627 635
619 695
668 687
654 681
699 1148
600 658
681 694
600 613
1170 1672
636 696
807 893
654 694
600 658
651 667
1613 1672
1190 1686
1170 1672
807 893
654 694
600 658
1190 1686
616 692
1644 1674
609 613
1170 1672
654 681
807 893
817 847
616 681
661 696
807 893
600 658
667 696
1613 1672
1190 1686
635 648
654 681
1622 1674
1170 1672
1651 1674
600 658
821 823
616 681
609 613
1170 1672
1651 1674
817 847
678 687
612 678
612 678
661 696
609 613
1651 1674
600 658
661 696
600 658
600 613
616 681
660 681
1651 1674
803 849
817 847
616 681
807 893
600 658
627 635
609 613
660 681
1613 1672
803 849
817 847
616 681
803 849
600 658
623 692
607 654
627 635
1601 1628
660 681
1613 1672
807 893
661 696
660 681
600 658
1651 1674
600 658
1613 1672
1651 1674
1613 1632
817 847
623 692
807 893
1613 1672
681 692
623 692
1613 1672
623 692
616 681
1613 1672
1190 1686
1651 1674
1632 1856
609 613
660 681
660 681
609 613
660 681
623 692
817 847
609 613
623 692
623 692
609 613
612 678
1613 1672
817 847
612 678
1613 1672
817 847
660 681
1613 1672
600 613
660 681
1613 1672
616 681
660 681
817 849
1613 1672
817 849
1613 1672
817 849
616 681
660 681
1613 1672
648 666
616 681
660 601
1613 1672
807 893
616 681
807 893
648 666
1613 1672
807 893
660 681
648 666
1613 1672
1613 1672
616 681
1613 1672
807 849
616 681
807 893
636 654
1613 1672
616 692
616 681
660 601
1613 1672
616 692
807 893
648 666
1613 1672
807 893
648 666
1613 1672
1613 1672
661 696
1613 1672
807 893
612 678
1613 1672
1613 1672
616 681
661 696
1613 1672
661 696
612 678
651 694
616 681
1613 1672
807 893
616 681
1613 1672
612 678
651 694
807 893
1613 1672
651 694
817 847
817 847
807 893
1613 1672
807 893
1613 1672
817 847
1613 1672
817 847
817 847
807 893
623 692
821 893
627 661
817 847
807 893
1613 1672
817 847
636 654
817 847
623 692
807 893
623 692
807 893
1613 1672
652 660
1613 1672
1613 1672
1613 1672
652 660
807 893
1613 1672
635 648
807 893
652 660
1613 1672
817 847
616 681
635 648
652 660
656 682
1613 1672
652 660
656 682
686 696
616 681
1613 1672
807 893
648 666
656 682
1613 1672
686 696
656 682
686 696
1613 1672
635 648
807 893
648 666
656 682
686 696
1613 1672
807 893
648 666
616 681
807 893
656 682
686 696
656 682
623 692
686 696
616 681
1613 1672
807 893
648 666
686 696
648 666
616 681
1613 1672
807 893
652 660
656 682
821 893
616 681
1613 1672
1651 1674
807 893
648 666
807 821
821 893
616 681
1613 1672
807 893
652 660
616 681
1613 1672
807 893
807 821
616 681
1613 1672
807 893
807 821
656 682
623 692
616 681
1613 1672
807 893
616 681
807 893
807 821
1613 1672
656 682
616 681
1613 1672
612 678
623 692
656 682
1613 1672
821 893
656 682
1613 1672
656 682
1613 1672
807 821
656 682
623 692
616 681
1613 1672
623 692
656 682
1613 1672
623 692
656 682
1613 1672
807 821
656 682
623 692
616 681
1613 1672
807 893
623 692
807 893
656 682
817 847
656 682
616 681
807 893
607 661
656 682
807 893
656 682
660 601
803 849
686 696
656 682
656 682
1613 1672
686 696
656 682
686 696
1613 1672
817 847
656 682
1613 1672
686 696
656 682
686 696
884 896
616 681
1613 1672
686 696
656 682
1613 1672
656 682
686 696
1613 1672
656 682
607 654
686 696
1613 1672
656 682
607 654
686 696
1613 1672
607 661
656 682
607 654
686 696
1613 1672
807 893
607 661
607 654
656 682
1613 1672
686 696
656 682
623 692
607 654
686 696
616 681
1613 1672
807 893
656 682
623 692
607 654
627 635
686 696
616 681
1613 1672
817 847
616 681
607 654
656 682
1613 1672
686 696
656 682
607 654
686 696
627 635
616 681
1613 1672
656 682
686 696
627 635
616 681
1613 1672
635 648
616 681
656 682
686 696
616 681
686 696
656 682
616 681
686 696
635 648
607 654
686 696
1613 1672
817 847
686 696
1613 1672
656 682
686 696
686 696
648 666
656 682
1613 1672
686 696
686 696
1613 1672
635 648
1613 1672
661 696
600 613
686 696
1613 1672
1632 1856
656 682
600 613
686 696
1613 1672
807 893
686 696
656 682
1613 1672
656 682
1613 1672
817 847
656 682
1613 1672
686 696
656 682
1613 1672
656 682
686 696
609 613
627 635
656 682
1613 1672
686 696
656 682
1613 1672
656 682
686 696
1613 1672
656 682
1613 1672
686 696
656 682
1613 1672
686 696
656 682
686 696
1613 1672
616 623
616 623
656 682
1613 1672
686 696
656 682
616 623
686 696
635 648
656 682
1613 1672
686 696
656 682
600 613
686 696
1613 1672
635 648
616 623
656 682
686 696
660 601
1613 1672
635 648
656 682
686 696
1613 1672
635 648
616 623
656 682
686 696
1613 1672
635 648
616 623
635 648
600 613
656 682
1613 1672
686 696
635 648
656 682
1613 1672
686 696
600 613
627 635
686 696
1613 1672
635 648
648 666
607 654
686 696
1613 1672
635 648
648 666
635 648
607 654
686 696
1613 1672
1613 1672
817 847
686 696
648 666
1190 1686
656 682
817 847
686 696
1613 1672
817 847
1613 1672
686 696
686 696
686 696
656 682
616 681
686 696
616 681
1629 1667
656 682
686 696
616 681
1629 1667
656 682
686 696
616 681
656 682
1629 1667
616 681
803 849
1629 1667
616 681
661 696
616 681
607 654
607 661
616 681
607 654
656 682
616 681
609 613
656 682
1651 1674
609 613
661 696
1644 1662
656 682
656 682
661 696
656 682
648 666
661 696
656 682
609 613
1629 1667
648 666
661 696
616 681
661 696
1629 1667
616 681
661 696
656 682
1629 1667
661 696
656 682
661 696
656 682
1622 1674
656 682
661 696
600 613
656 682
1629 1667
661 696
600 613
656 682
600 613
656 682
1613 1672
656 682
661 696
656 682
1613 1672
817 847
817 847
656 682
1613 1672
656 682
1613 1672
661 696
636 654
1613 1672
652 660
600 613
1613 1672
817 847
1613 1672
661 696
656 682
609 613
1613 1672
656 682
686 696
616 681
660 681
1613 1672
661 696
661 696
686 696
616 681
609 613
636 654
1613 1672
661 696
656 682
616 681
609 613
1613 1672
656 682
616 681
609 613
1613 1672
803 849
656 682
1613 1672
635 648
803 849
609 613
661 696
803 849
1613 1672
661 696
803 849
661 696
636 654
1613 1672
609 613
661 696
1622 1674
636 654
661 696
1622 1674
609 613
661 696
1622 1674
661 696
660 681
1613 1672
636 654
661 696
636 654
1613 1672
847 884
609 613
661 696
636 654
1613 1672
661 696
1613 1672
609 613
661 696
656 682
1613 1672
661 696
652 660
616 681
609 613
1613 1672
661 696
652 660
656 682
817 884
616 681
609 613
1613 1672
616 681
609 613
652 660
635 648
1613 1672
1613 1672
635 648
652 660
600 613
1613 1672
652 660
623 692
600 613
686 696
635 648
623 692
600 613
686 696
636 654
1613 1672
803 849
635 648
600 613
686 696
1190 1686
656 682
600 613
686 696
1613 1672
1190 1686
635 648
656 682
686 696
636 654
1613 1672
1190 1686
656 682
686 696
636 654
635 648
817 847
656 682
623 692
686 696
1613 1672
635 648
636 654
656 682
623 692
636 654
1613 1672
817 847
656 682
686 696
1613 1672
635 648
817 847
656 682
686 696
1613 1672
635 648
686 696
1613 1672
656 682
686 696
1613 1672
656 682
817 847
656 682
1613 1672
686 696
656 682
686 696
636 654
1613 1672
686 696
656 682
1190 1686
661 696
656 682
686 696
661 696
686 696
661 696
656 682
1190 1686
600 613
656 682
686 696
661 696
600 613
656 682
686 696
656 682
686 696
656 682
652 660
656 682
623 692
609 613
683 698
1613 1672
681 692
623 692
1613 1672
803 817
652 660
623 692
686 696
636 654
1613 1672
803 849
1613 1672
623 692
1613 1672
686 696
1613 1672
600 613
1613 1672
600 613
686 696
1613 1672
652 660
600 613
1613 1672
686 696
1613 1672
652 660
686 696
1613 1672
652 660
686 696
1613 1672
686 696
1613 1672
686 696
1613 1672
817 847
686 696
1613 1672
803 849
686 696
1613 1672
1613 1672
1613 1672
686 696
817 847
1613 1672
821 824
1613 1672
1613 1672
616 681
821 824
616 681
1632 1856
616 681
1613 1672
821 824
616 681
1632 1856
1613 1672
616 681
807 893
686 696
627 635
817 847
803 849
686 696
612 678
627 635
686 696
627 635
686 696
627 635
612 678
656 682
686 696
656 682
1613 1672
627 635
600 658
686 696
627 635
616 681
1613 1672
616 681
627 635
656 682
686 696
627 635
616 681
600 658
817 847
616 681
627 635
616 681
803 849
600 658
686 696
600 658
803 849
1190 1686
661 696
600 658
1613 1672
686 696
656 682
803 849
661 696
612 678
686 696
616 681
656 682
803 849
627 635
686 696
686 696
686 696
803 849
686 696
665 602
803 849
686 696
686 696
803 849
660 681
686 696
803 849
686 696
803 849
803 849
686 696
686 696
803 849
656 682
686 696
1613 1672
656 682
652 660
1613 1672
616 681
652 660
1613 1672
656 682
1613 1672
1613 1672
616 681
623 681
681 692
847 849
803 849
656 682
686 696
616 681
803 817
817 849
616 681
803 849
656 682
803 847
686 696
803 817
847 849
656 682
686 696
609 613
1190 1686
803 817
817 847
656 682
623 692
609 613
1613 1672
803 849
623 692
656 682
1613 1672
1190 1686
652 660
656 682
623 692
686 696
609 613
1190 1686
656 682
623 692
686 696
609 613
1190 1686
686 696
1613 1672
1190 1686
686 696
656 682
1613 1672
1190 1686
686 696
656 682
1613 1672
1190 1686
803 849
686 696
1190 1686
686 696
817 847
1190 1686
686 696
616 681
803 849
686 696
686 696
1190 1686
686 696
884 896
609 613
686 696
884 896
609 613
661 696
600 658
686 696
609 613
686 696
661 696
600 658
803 849
600 658
686 696
609 613
609 613
661 696
803 849
600 658
1613 1672
600 658
1613 1672
609 613
817 847
600 658
609 613
600 658
661 696
652 660
600 658
609 613
1190 1686
600 658
1190 1686
609 613
600 658
1613 1672
1190 1686
661 696
600 658
600 658
651 694
661 696
651 694
817 847
661 696
651 694
817 847
661 696
636 654
661 696
661 696
652 660
600 658
1190 1686
1190 1679
661 696
1190 1679
1190 1686
661 696
1190 1679
627 635
1190 1686
1190 1686
661 696
656 682
627 635
616 681
1190 1686
661 696
627 635
1190 1686
661 696
627 635
661 696
661 696
1613 1672
1170 1632
661 696
1613 1672
661 696
1613 1672
661 696
636 654
1613 1672
1170 1632
661 696
1613 1672
661 696
635 654
616 681
609 613
1613 1672
661 696
616 681
609 613
1613 1672
661 696
652 660
1613 1672
616 681
661 696
652 660
616 681
652 660
600 658
661 696
661 696
623 692
661 696
600 658
1613 1672
661 696
600 658
1613 1672
623 692
661 696
600 658
1613 1672
661 696
660 681
600 658
1613 1672
661 696
660 681
1613 1672
803 849
661 696
660 681
806 895
661 696
803 849
660 681
661 696
600 658
686 696
660 681
803 849
817 847
600 658
1613 1672
1190 1686
860 869
600 658
855 860
661 696
636 654
1190 1686
656 682
661 696
600 658
855 860
686 696
660 681
616 601
806 822
1170 1672
656 682
600 658
686 696
616 681
660 681
1613 1672
1190 1686
1170 1672
860 869
661 696
855 860
686 696
616 681
609 613
683 698
1170 1672
803 849
623 652
860 869
635 661
855 860
686 696
627 635
616 681
660 681
661 681
661 601
1170 1672
1632 1672
803 849
860 869
623 652
635 698
607 654
686 696
1632 1671
1148 1190
660 681
1645 1856
627 635
1170 1672
661 683
628 667
691 1629
616 683
686 696
1170 1672
627 681
616 628
661 698
1671 1674
1645 1674
1679 1686
627 636
623 628
1613 1672
661 694
635 666
612 678
627 666
627 635
628 681
803 849
1170 1613
635 681
611 1674
646 1674
686 696
627 658
663 686
834 854
1613 1672
1170 1672
803 849
616 683
665 695
1108 1645
806 809
661 694
1170 1613
651 694
686 696
834 854
638 665
665 695
1108 1164
665 695
686 696
1108 1629
609 613
1108 1671
651 661
660 681
1622 1674
834 854
654 694
636 694
834 854
660 681
652 656
623 654
654 694
860 869
627 635
834 854
660 681
623 654
609 638
649 1108
627 635
636 694
834 854
623 654
609 638
648 654
636 694
834 854
660 681
1613 1672
674 677
623 654
650 674
834 854
660 681
655 629
674 677
650 674
611 649
834 854
803 849
609 613
1108 1671
834 854
674 691
623 681
834 854
828 834
834 854
834 854
1108 1671
834 854
663 696
601 686
1108 1645
636 694
841 855
609 613
834 854
660 681
652 656
662 1628
623 654
860 862
636 694
834 854
660 681
652 656
623 654
825 858
834 854
803 849
834 854
660 681
803 849
658 601
803 849
620 681
1601 1667
1108 1645
834 854
652 656
660 681
660 681
652 656
660 681
660 681
660 681
851 864
660 681
652 656
652 656
660 681
652 682
660 681
660 681
660 681
1628 1667
1628 1667
803 817
1628 1667
803 849
803 817
660 681
660 681
660 681
609 613
648 661
609 613
803 817
648 661
609 613
648 661
609 613
803 817
648 661
609 613
803 817
648 661
609 613
648 661
609 613
648 661
609 613
648 661
609 613
648 661
815 896
648 661
648 661
609 613
851 864
648 661
609 613
648 661
609 613
660 681
648 661
609 613
648 661
609 613
817 847
648 661
609 613
660 681
648 661
660 681
648 661
1628 1629
648 661
609 613
609 613
648 661
648 661
648 661
884 896
821 896
1628 1629
648 661
1628 1629
851 864
609 613
884 896
851 864
851 864
1628 1629
875 884
884 896
884 896
648 661
884 896
648 661
875 896
851 864
851 864
648 661
648 661
609 613
609 613
648 661
609 613
609 613
803 817
851 864
803 817
817 847
851 864
817 847
851 864
851 864
803 849
817 847
609 613
609 613
609 613
609 613
609 613
817 847
609 613
609 613
817 847
609 613
609 613
609 613
817 847
609 613
609 613
609 613
609 613
609 613
652 656
609 613
609 613
609 613
609 613
609 613
609 613
609 613
875 896
609 613
884 896
609 613
884 896
875 896
609 613
884 896
609 613
609 613
803 849
817 847
817 847
803 817
817 849
683 692
817 847
1672 1674
609 1170
1108 1645
851 864
1170 1613
1672 1674
658 661
1170 1613
1181 1674
1672 1674
658 661
851 864
851 864
851 864
821 823
821 823
821 823
884 896
821 823
821 823
821 823
821 823
821 823
821 823
884 896
851 864
821 823
821 823
821 823
851 864
884 896
821 823
821 823
821 823
821 823
638 689
836 873
851 864
821 823
821 823
1628 1667
821 823
815 896
851 864
821 823
851 864
821 823
851 864
821 823
836 873
851 864
851 864
821 823
817 847
821 823
821 823
851 864
821 823
851 864
851 864
821 823
815 884
851 864
815 884
821 823
851 864
821 823
875 896
875 896
821 823
815 896
875 896
821 823
815 896
875 896
821 823
815 896
815 896
821 823
815 896
821 823
815 896
821 823
821 823
821 823
815 884
821 823
821 823
821 823
821 823
821 823
821 823
821 823
821 823
821 823
821 823
821 823
821 823
821 823
817 847
821 823
821 823
821 823
851 868
884 896
851 864
884 896
851 864
821 823
821 823
851 864
851 868
851 864
851 864
884 896
817 847
851 864
851 864
826 860
860 863
860 863
864 868
803 849
832 834
832 834
825 831
832 834
884 893
807 884
884 893
807 893
664 873
664 867
832 834
664 867
867 873
841 873
664 873
831 893
676 873
836 838
860 893
813 836
884 893
664 867
867 873
887 888
664 873
836 838
860 893
609 613
664 873
863 867
886 890
855 873
831 860
873 888
814 895
858 860
609 613
858 891
866 891
858 891
609 613
841 849
809 898
809 898
803 841
817 847
1651 1672
609 613
817 847