669 689
1622 1645
1644 1856
620 684
619 1622
819 888
1144 1644
669 684
888 895
620 669
628 667
619 1645
1644 1856
644 667
669 684
669 689
1622 1645
684 1651
684 689
1144 1644
620 669
600 661
619 1645
620 684
619 1622
860 864
663 686
620 689
689 1651
663 686
1622 1645
669 1651
619 1622
644 667
626 698
1108 1671
684 1651
1144 1644
609 682
860 863
619 1645
689 1651
636 683
1108 1672
684 1651
626 698
1108 1671
1613 1671
684 689
619 1622
860 864
1190 1632
650 1686
1671 1672
620 1686
619 1645
831 869
1628 1667
626 698
1108 1644
628 644
1622 1645
609 635
684 1651
684 689
650 1686
620 1686
619 1645
1108 1613
860 863
689 1651
1190 1632
619 1622
620 677
1108 1671
644 667
684 1674
636 683
1613 1671
600 613
626 698
689 1651
683 686
1651 1674
1622 1645
609 635
684 1651
684 689
620 1148
620 1686
619 1645
1108 1613
860 863
1108 1644
1170 1644
663 683
628 692
1190 1632
620 677
860 864
1613 1644
636 683
689 1674
663 686
1613 1671
1190 1672
600 613
626 698
628 682
683 686
1667 1671
1622 1645
609 635
684 1651
620 1686
619 1645
860 863
689 1651
619 1622
1190 1632
620 677
860 864
1170 1667
689 1674
682 683
1644 1856
600 613
644 667
663 681
628 682
1622 1645
609 635
636 681
628 683
681 683
620 1686
619 1645
860 863
1108 1644
628 692
1190 1632
620 677
1613 1672
860 864
626 698
609 658
683 692
623 681
832 834
1108 1644
620 1686
1622 1645
609 635
600 613
1148 1686
628 683
626 698
860 863
619 689
683 692
860 864
1190 1632
832 834
860 863
1108 1644
684 699
628 682
636 681
609 635
600 613
1190 1632
663 686
626 698
620 677
683 692
860 864
619 689
660 681
1622 1645
658 663
1622 1657
1108 1644
1622 1645
1645 1657
609 635
600 613
1190 1632
626 698
860 863
628 682
660 681
860 864
683 692
826 838
1190 1679
1622 1657
682 683
684 699
601 644
1644 1856
1645 1657
620 674
1622 1645
600 613
1190 1632
626 698
620 677
860 864
620 665
1651 1674
682 683
684 699
1644 1856
600 613
626 698
819 888
667 682
620 650
658 663
1622 1645
620 674
620 665
1657 1671
1190 1632
620 677
860 864
888 895
601 644
650 665
663 686
683 692
667 683
650 677
1632 1657
600 613
626 698
819 888
628 682
867 873
620 674
609 635
620 665
1657 1671
1190 1657
681 683
827 832
1190 1632
860 864
888 895
620 677
650 665
663 686
628 681
827 834
650 677
831 869
682 683
1644 1856
600 613
626 698
628 682
1190 1622
620 674
609 635
620 665
628 683
836 860
1190 1632
860 864
620 677
601 644
650 665
1632 1649
663 686
867 873
826 854
1622 1645
601 644
1644 1856
1164 1645
609 635
600 613
1190 1632
626 698
620 677
660 682
663 686
1645 1671
860 864
831 860
860 863
677 674
1644 1645
620 674
609 635
1632 1645
1190 1632
626 698
620 677
663 686
1108 1644
660 681
1190 1645
864 867
825 836
1632 1645
626 698
819 888
620 674
609 635
620 665
827 841
831 860
1190 1632
660 681
613 828
852 868
888 895
613 855
1622 1632
682 683
626 698
635 683
676 873
648 663
609 635
831 860
1108 1632
1632 1644
685 695
663 686
1190 1645
825 866
663 667
831 860
635 663
1108 1644
682 683
600 613
1632 1644
609 690
660 681
1190 1645
1108 1632
626 698
628 667
831 860
628 644
825 862
600 613
1190 1632
626 698
838 867
1632 1644
1645 1671
665 674
1108 1632
620 674
628 667
654 694
831 860
858 867
852 857
1108 1632
636 682
600 613
626 698
609 690
663 686
1190 1645
682 858
628 644
1644 1671
626 698
1108 1644
1108 1632
636 682
620 674
644 667
1632 1644
663 686
682 858
628 644
1632 1644
1108 1644
1108 1632
600 613
654 681
644 667
626 698
609 690
683 692
628 644
620 674
1632 1644
1632 1856
836 869
620 674
600 613
644 667
626 698
663 686
683 692
623 690
628 644
648 683
654 694
1108 1644
620 674
600 613
644 667
626 698
609 690
663 686
623 690
648 683
609 690
1108 1644
600 613
654 694
626 698
626 698
821 896
600 613
644 667
648 692
609 690
683 692
628 644
620 674
654 682
821 896
620 674
600 613
626 698
609 690
609 690
600 613
821 896
626 698
609 690
620 674
628 648
821 896
609 690
620 674
609 690
838 852
613 644
821 896
609 690
838 852
821 896
609 690
626 698
600 613
628 648
609 690
600 613
628 648
600 613
626 698
880 896
626 698
626 698
676 864
819 888
600 613
628 667
636 681
628 667
626 698
600 613
626 698
609 690
600 613
626 698
609 690
626 698
609 690
626 698
609 690
626 698
609 690
600 613
623 690
626 698
600 613
600 613
623 690
623 690
601 623
626 698
663 686
626 698
601 623
626 698
626 698
626 698
626 698
663 686
609 690
601 623
609 690
626 698
609 690
613 644
626 698
613 644
663 686
609 690
613 644
626 698
613 644
623 690
626 698
613 644
663 686
626 698
609 690
1645 1671
600 613
626 698
601 623
626 698
601 623
626 698
1645 1671
626 698
601 623
626 698
626 698
626 698
626 698
601 623
601 623
626 698
626 698
626 698
626 698
832 834
626 698
626 698
600 613
600 613
600 613
601 623
626 698
626 698
601 623
613 644
626 698
831 860
613 644
626 698
831 860
601 623
626 698
626 698
663 686
609 690
663 686
626 698
663 686
663 686
626 698
623 690
626 698
623 690
626 698
609 690
663 686
663 686
663 686
626 698
663 686
1632 1856
601 623
609 690
626 698
626 698
609 690
609 690
626 698
626 698
626 698
626 698
626 698
626 698
626 698
601 623
601 623
623 690
601 623
855 873
626 698
626 698
855 873
855 873
601 623
613 644
855 873
613 644
601 623
626 698
626 698
601 623
613 644
626 698
628 648
626 698
602 665
828 834
602 665
828 834
828 834
676 864
609 690
628 648
609 690
830 834
626 698
855 873
626 698
828 834
601 623
832 834
609 690
607 635
609 690
623 690
626 698
609 690
626 698
601 623
832 834
609 690
602 665
623 690
601 623
609 690
623 690
602 665
626 698
857 869
602 665
857 869
628 667
663 686
601 623
628 667
601 623
628 667
623 690
609 690
636 681
628 667
609 690
626 698
623 690
626 698
623 690
626 698
623 690
626 698
626 698
609 690
620 674
827 841
807 889
827 841
600 613
609 690
663 686
600 613
626 698
687 689
600 613
606 687
623 690
628 667
600 613
626 698
623 690
606 646
668 687
600 613
623 690
626 698
600 613
620 674
606 687
668 687
626 698
606 687
620 674
600 613
626 698
620 674
606 687
626 698
813 825
620 674
606 687
623 690
626 698
620 674
623 690
626 698
626 698
620 674
600 613
609 690
620 646
620 674
626 698
609 690
620 674
626 698
621 825
620 674
626 698
626 698
609 690
620 674
1632 1856
626 698
606 621
626 698
606 620
606 621
626 698
606 621
626 698
620 621
626 698
606 621
626 698
626 698
626 698
626 698
626 698
600 613
626 698
606 621
609 690
606 621
609 690
606 621
626 698
609 690
609 690
626 698
609 690
620 674
628 667
620 674
626 698
620 674
626 698
606 620
668 687
621 674
626 698
663 686
663 686
663 686
626 698
1164 1679
663 686
626 698
663 686
1632 1671
663 686
663 686
626 698
663 686
663 686
663 686
626 698
663 686
663 686
623 690
663 686
623 690
663 686
1645 1671
623 690
663 686
1645 1671
663 686
1645 1671
663 686
1645 1671
663 686
663 686
663 686
626 698
663 686
683 692
623 690
663 686
683 692
601 623
663 686
663 686
663 686
600 613
663 686
600 613
626 698
663 686
600 613
626 698
613 644
635 660
600 613
626 698
663 686
635 660
613 644
600 613
663 686
600 613
663 686
609 690
663 686
663 686
663 686
663 686
613 644
600 613
609 690
663 686
1645 1671
626 698
609 690
663 686
623 690
663 686
623 690
663 686
609 690
663 686
628 648
663 686
663 686
663 686
623 690
609 690
663 686
623 690
663 686
663 686
663 686
663 686
663 686
1645 1671
663 686
663 686
663 686
663 686
663 686
663 686
663 686
663 686
663 686
601 623
663 686
663 686
663 686
663 686
663 686
663 686
663 686
606 689
1645 1671
663 686
606 689
1645 1671
663 686
606 621
600 613
663 686
1645 1671
606 689
606 689
663 686
606 621
621 689
606 689
663 686
663 686
621 689
606 689
1645 1671
606 621
600 613
606 689
663 686
1645 1671
606 621
606 689
1645 1671
663 686
663 686
1645 1671
663 686
663 686
626 698
621 689
663 686
606 621
606 689
621 689
663 686
628 667
621 689
663 686
606 621
606 689
663 686
663 686
606 689
623 690
683 692
663 686
606 689
609 690
606 689
663 686
609 690
663 686
1645 1671
663 686
1645 1671
663 686
1645 1671
628 667
663 686
628 667
663 686
628 667
663 686
613 644
663 686
663 686
663 686
663 686
663 686
1645 1671
663 686
1645 1671
1164 1660
663 686
1645 1671
600 613
663 686
621 689
621 689
663 686
1645 1671
649 689
687 689
621 689
663 686
1645 1671
687 689
663 686
1645 1671
649 689
606 689
663 686
649 689
687 689
663 686
1645 1671
649 689
687 689
606 649
607 635
663 686
1645 1671
649 689
687 689
606 687
649 687
621 687
663 686
687 689
663 686
621 687
663 686
601 660
621 687
663 686
621 689
606 689
601 660
687 689
613 644
621 687
663 686
606 689
649 689
601 660
606 621
613 644
663 686
1645 1671
649 689
601 660
687 689
613 644
663 686
1645 1671
649 689
621 649
606 621
613 644
621 687
663 686
1645 1671
687 689
613 644
663 686
1645 1671
649 689
687 689
663 686
613 644
621 649
663 686
621 687
601 660
663 686
623 690
649 689
601 660
621 687
621 689
663 686
649 689
621 649
606 621
613 644
606 649
663 686
1645 1671
649 689
613 644
663 686
649 689
606 621
687 689
663 686
687 689
649 689
663 686
687 689
613 644
663 686
609 690
663 686
621 687
602 665
621 687
609 690
663 686
623 690
602 665
609 690
600 613
663 686
623 690
609 690
663 686
623 690
609 690
663 686
623 690
609 690
663 686
623 690
663 686
623 690
663 686
621 687
609 690
663 686
623 690
609 690
663 686
621 687
623 690
609 690
663 686
621 687
623 690
815 893
1645 1671
623 690
813 862
663 686
824 880
813 862
1164 1649
663 686
1164 1622
1632 1645
1645 1671
600 613
1164 1622
1108 1645
807 821
807 815
600 613
1108 1632
1645 1671
1108 1645
600 613
880 887
601 807
807 828
606 662
832 834
606 619
661 698
815 821
600 613
606 619
1108 1671
817 847
613 644
600 613
880 887
817 823
1164 1622
606 621
815 827
613 644
827 896
663 686
661 866
1632 1649
628 648
807 880
660 866
827 898
827 828
1164 1622
827 828
628 648
600 613
1170 1672
827 834
1164 1622
609 660
817 847
1622 1657
699 1657
815 898
684 826
661 834
681 817
1170 1672
654 694
1622 1657
619 1645
684 826
1164 1657
1170 1613
1164 1622
880 896
887 896
681 690
1632 1672
1492 1678
654 694
1622 1657
661 847
684 826
600 613
603 678
609 613
603 1649
628 681
1164 1657
678 1649
1632 1672
880 887
1164 1622
1622 1657
661 847
635 827
628 682
600 613
658 827
880 887
635 807
628 681
1164 1657
669 1657
684 699
1632 1672
1164 1622
1613 1686
1170 1856
1622 1657
644 681
684 699
1170 1632
692 866
620 1644
880 887
613 628
636 692
683 827
1170 1672
661 817
628 644
827 828
1164 1622
600 628
1632 1686
1170 1613
620 1644
600 613
880 887
815 880
1164 1622
654 694
1108 1645
635 690
880 887
609 690
1108 1671
1645 1671
1632 1672
644 683
684 699
635 690
815 896
1170 1613
880 887
1645 1671
684 691
1674 1856
1657 1672
1632 1672
1667 1674
609 635
684 699
613 683
628 661
603 678
699 1674
684 1674
1632 1672
1622 1657
613 683
1164 1657
600 613
613 654
684 1674
609 824
684 699
603 678
1190 1686
654 683
828 830
815 896
603 1649
817 823
654 692
609 824
684 699
635 690
815 896
603 678
1632 1672
661 690
609 824
648 824
684 699
635 690
815 896
1632 1672
609 824
1618 1686
684 699
815 896
635 690
648 821
817 823
603 1649
1164 1657
1667 1686
635 661
815 896
635 690
1164 1657
603 678
603 1649
678 1649
1618 1667
684 699
635 661
815 896
635 690
1164 1657
661 690
694 896
635 694
821 889
628 663
694 898
684 699
694 815
815 896
880 887
1164 1657
896 898
815 898
815 887
815 898
1164 1657
880 887
817 821
683 692
1164 1657
603 1649
678 1649
635 661
1164 1657
609 635
648 821
661 667
880 896
648 817
603 1649
609 635
635 690
648 896
1164 1657
628 663
609 690
880 896
654 663
648 815
603 1649
628 663
635 690
609 635
1164 1657
880 887
654 663
628 654
628 663
824 880
1164 1657
880 887
628 654
628 667
609 824
681 694
880 898
880 887
603 1649
628 654
628 667
609 824
880 898
880 887
654 663
896 898
609 824
880 898
880 887
887 896
635 648
896 898
661 686
609 824
635 690
648 896
681 694
603 1649
628 698
609 824
880 887
609 824
635 654
609 824
681 692
663 667
609 824
648 663
661 686
609 824
648 663
814 819
1190 1644
609 824
648 663
880 887
681 682
880 896
663 698
667 681
609 824
667 681
663 698
600 613
667 681
654 690
663 698
661 686
600 613
654 690
609 654
648 683
667 681
600 613
654 694
654 694
648 683
667 681
636 681
1644 1856
663 686
1644 1856
667 681
667 681
667 681
667 681
1632 1667
667 681
1644 1667
1164 1657
807 889
1164 1657
1164 1657
600 613
600 613
1164 1657
1164 1657
654 694
1164 1657
600 683
1164 1657
1644 1856
1164 1657
1164 1657
1644 1856
1164 1657
1644 1856
1164 1657
1622 1657
1164 1657
1164 1657
1644 1856
648 683
1164 1657
1644 1856
1164 1657
1164 1657
1164 1657
1164 1657
1164 1657
807 881
692 694
609 690
807 881
1644 1856
807 881
807 881
807 881
1644 1856
807 881
1644 1856
600 613
1644 1856
609 690
600 613
600 613
600 613
609 690
807 881
600 613
1644 1856
600 613
1644 1856
654 694
600 613
807 881
600 692
600 613
1644 1856
609 690
600 613
600 613
807 881
609 690
1644 1856
600 613
654 694
636 681
654 694
654 694
609 690
654 694
1164 1657
609 690
807 881
628 644
628 644
663 686
636 681
636 681
636 681
1622 1657
636 681
609 690
654 694
609 690
619 689
1164 1657
636 681
1164 1657
1164 1622
1622 1657
1164 1657
1164 1622
1622 1657
1164 1657
1164 1622
1622 1657
1164 1657
692 694
1622 1657
1622 1657
1622 1657
1164 1657
1164 1622
1622 1657
1164 1657
1164 1622
1164 1657
636 681
636 681
1645 1671
1622 1657
803 849
1622 1657
1164 1657
1645 1671
823 847
817 823
1645 1674
1164 1622
817 847
1657 1674
1622 1657
636 681
824 880
1164 1657
1164 1674
1622 1674
1164 1622
1622 1657
1164 1657
817 847
1148 1674
1148 1674
1148 1674
692 694
824 889
692 694
654 694
648 683
654 694
815 891
648 683
815 891
648 683
887 891
815 891
815 891
815 891
636 681
609 690
815 891
648 683
815 891
636 681
1658 1674
815 896
636 681
815 891
1658 1674
815 896
1164 1657
648 683
1164 1657
1658 1674
613 692
1164 1657
815 880
1164 1657
636 681
620 674
815 880
648 683
613 692
654 694
815 891
654 694
636 681
636 681
654 694
636 681
1144 1658
1144 1658
648 683
636 681
1144 1658
648 683
654 694
636 681
692 694
1164 1622
636 681
1164 1657
1164 1622
1164 1657
1622 1657
636 681
1164 1622
1622 1657
1164 1657
654 694
636 681
648 683
1164 1657
1144 1662
648 683
1164 1657
1622 1657
648 683
648 683
880 896
1651 1674
636 681
1144 1658
1644 1658
1144 1658
1164 1622
1644 1658
880 896
1144 1658
1644 1658
1662 1856
1144 1658
1164 1622
1644 1658
1164 1622
1144 1658
1164 1622
1144 1662
1144 1658
1644 1658
887 896
1622 1657
1164 1662
1622 1657
689 827
1164 1662
887 896
1144 1658
887 896
648 683
636 681
1164 1662
1622 1657
887 896
1622 1657
689 827
887 896
1622 1657
689 827
1164 1662
815 891
1622 1657
1164 1644
1164 1662
1622 1657
1164 1662
1622 1657
1622 1657
815 891
1622 1657
1622 1657
815 891
1622 1657
600 648
654 694
815 891
1622 1657
815 891
1622 1657
1622 1657
1622 1657
635 661
1622 1657
636 681
1622 1657
636 681
648 683
1622 1657
1622 1657
648 683
1622 1657
692 694
663 686
1622 1657
1622 1657
1622 1657
648 683
1622 1657
648 683
1622 1657
1622 1657
1622 1657
1622 1657
609 690
1622 1657
648 683
609 690
1622 1657
609 690
1622 1657
648 683
1144 1658
648 683
1622 1657
609 690
648 683
1622 1657
636 681
1144 1658
648 683
1622 1657
1622 1657
1144 1658
1622 1657
1622 1657
1622 1657
1622 1657
1622 1657
1622 1657
1622 1657
1622 1657
1622 1657
636 681
1622 1657
667 681
1622 1657
600 648
1644 1856
1622 1657
648 683
1622 1657
1644 1856
1622 1657
648 683
692 694
648 683
1622 1657
648 683
1622 1657
648 683
1622 1657
692 694
648 683
1622 1657
1644 1856
648 683
1622 1657
648 683
1622 1657
648 683
1622 1657
1644 1856
648 683
1622 1657
815 891
648 683
1622 1657
815 891
648 683
1622 1657
815 891
648 683
1622 1657
815 891
648 683
1622 1657
1644 1856
648 683
636 681
1622 1657
1622 1657
667 681
667 681
636 681
648 683
1622 1657
1622 1657
1622 1657
1622 1657
1622 1657
1622 1657
1622 1657
648 683
648 683
1622 1657
1622 1657
1622 1657
648 683
1622 1657
815 891
1622 1657
648 683
1622 1657
1622 1657
1622 1657
620 674
1622 1657
609 690
1622 1657
667 681
636 681
635 661
1622 1657
636 681
1622 1657
1622 1657
815 891
1622 1657
613 654
815 891
1622 1657
1622 1657
686 690
600 613
654 694
1622 1657
600 613
609 690
1622 1657
600 613
1622 1657
600 613
1622 1657
600 613
609 690
1164 1657
1622 1657
600 648
600 613
609 690
1658 1856
1622 1657
600 613
815 891
1658 1856
1622 1657
600 613
1622 1657
600 613
620 669
1622 1657
1622 1657
636 681
815 891
1622 1657
600 613
891 898
636 681
1622 1657
1644 1671
815 898
1622 1657
1622 1657
815 898
1622 1657
1164 1657
815 898
815 891
1622 1657
1164 1657
1622 1657
609 690
1622 1657
1657 1671
1622 1657
1632 1657
1622 1657
1622 1657
1164 1657
1622 1657
1622 1657
1164 1657
1622 1657
1622 1657
1164 1657
648 683
667 681
1622 1657
831 860
648 683
1622 1657
815 891
1622 1657
815 891
1622 1657
667 681
648 683
1657 1671
648 683
667 681
815 891
648 683
1622 1657
667 681
1632 1657
667 681
1632 1657
648 683
667 681
600 613
663 686
648 683
667 681
663 686
635 661
1622 1657
667 681
600 613
654 694
1622 1657
600 648
635 661
600 613
636 681
654 692
600 683
667 681
654 683
1622 1657
681 692
1632 1657
648 683
1622 1657
681 694
1622 1657
681 694
635 682
1622 1657
681 694
635 636
1622 1657
681 694
1622 1657
658 661
1622 1657
1622 1657
814 881
654 694
1622 1657
814 881
609 613
654 681
635 636
609 866
1622 1657
814 881
601 623
1622 1657
1622 1657
658 661
1622 1657
654 694
1622 1657
1622 1657
600 613
648 690
661 667
1622 1657
600 613
1622 1657
1622 1657
1622 1657
1164 1662
1622 1657
1144 1658
1622 1657
1622 1657
1164 1657
1622 1657
1164 1657
1622 1657
1164 1657
1622 1657
1164 1657
1622 1657
1622 1657
1622 1657
648 661
1622 1657
1164 1657
1622 1657
648 661
1622 1657
1164 1657
648 661
682 1667
1622 1657
648 661
1622 1657
1622 1657
1622 1657
1622 1657
1622 1657
1622 1657
1622 1657
1622 1657
1622 1657
1622 1657
609 623
1164 1662
1164 1662
1164 1662
1164 1662
1164 1662
1190 1632
1622 1657
1632 1671
1622 1657
1622 1657
1622 1657
1657 1671
1657 1671
1622 1657
1622 1657
1657 1671
1657 1671
1622 1657
1622 1657
1622 1657
1657 1671
1622 1657
1657 1671
1622 1657
1657 1671
1622 1657
1657 1671
1622 1657
1657 1671
1622 1657
1657 1671
1622 1657
1657 1671
1644 1856
1190 1644
1657 1671
1657 1671
1622 1657
1657 1671
1622 1657
1164 1644
1657 1671
1622 1657
1632 1856
1657 1671
1622 1657
1622 1657
1657 1671
1622 1657
1632 1856
1632 1856
1657 1671
1632 1856
1164 1662
1657 1671
607 623
1644 1856
1622 1657
1644 1856
1622 1657
1644 1856
1622 1657
1622 1657
1622 1657
1622 1657
1622 1657
1644 1856
1622 1657
1622 1657
1622 1657
1164 1662
1657 1671
1657 1671
1622 1657
1622 1657
1164 1662
1622 1657
1622 1657
1657 1671
1622 1657
1622 1657
1632 1644
1622 1657
1632 1644
1657 1671
600 613
1164 1662
1164 1662
1622 1657
1657 1671
1657 1671
1622 1657
1657 1671
1644 1671
1657 1671
1190 1644
1164 1644
1657 1671
1657 1671
1657 1671
1622 1657
1622 1657
1622 1657
1657 1671
1622 1657
1657 1671
1622 1657
1657 1671
1622 1657
1657 1671
1622 1657
1657 1671
1622 1657
1164 1662
1644 1856
1622 1657
1622 1657
1657 1671
1622 1657
1657 1671
1622 1657
1657 1671
607 623
609 623
1622 1657
609 623
1622 1657
1657 1671
1622 1657
1657 1671
1622 1657
1657 1671
1657 1671
1622 1657
1657 1671
1622 1657
1622 1657
1622 1657
1622 1657
1164 1622
1657 1658
1164 1657
1657 1662
1164 1657
1644 1856
1644 1856
1657 1662
1164 1657
1164 1657
1644 1856
1164 1657
601 648
1644 1671
609 623
1644 1856
600 613
600 613
600 613
600 613
600 613
815 891
815 891