600 634
600 634
600 634
600 634
600 634
600 634
600 634
620 1190
600 634
600 634
600 634
600 634
600 634
831 860
600 634
831 860
831 860
1190 1644
1190 1644
600 634
1190 1644
600 634
812 854
831 860
1190 1644
860 869
1190 1644
620 1190
1190 1644
620 1190
600 634
1190 1644
620 1190
1190 1644
831 869
620 1190
669 1190
1190 1644
1148 1644
620 1190
669 1190
620 1644
620 1190
669 1644
620 669
1190 1644
1148 1190
669 1190
620 1644
600 634
620 1190
609 613
669 1644
620 669
1190 1644
1148 1190
669 1148
620 1190
609 613
669 1644
803 841
620 669
1190 1644
1148 1644
1148 1190
600 634
620 1190
620 669
1190 1644
1148 1190
855 1170
620 699
620 1644
600 634
620 669
1190 1644
1148 1644
1148 1190
620 699
600 634
620 669
1190 1644
620 1148
1148 1190
620 669
1190 1644
1148 1190
620 699
620 699
821 854
1190 1856
620 669
1190 1644
1148 1190
669 1190
1190 1644
852 855
669 1644
1148 1190
669 1190
841 854
621 699
669 1644
803 841
1190 1644
1148 1190
669 1190
669 1148
841 854
669 1644
615 849
1190 1644
1148 1644
1148 1190
669 1190
830 834
1164 1651
669 1644
852 1170
1190 1644
1148 1644
1148 1190
803 888
1190 1644
1164 1651
1148 1190
803 854
852 1170
1190 1644
1148 1190
641 1164
1190 1644
827 834
1148 1190
606 615
1190 1644
852 855
841 854
852 855
615 699
635 690
830 834
827 830
826 1651
826 1651
826 1651
851 1645
1170 1613
826 1651
698 858
641 1645
619 664
826 1651
826 1164
606 621
619 664
641 1645
826 1651
601 849
853 854
641 1645
854 895
1190 1632
853 895
826 1651
619 641
852 854
807 810
1190 1651
854 855
1190 1662
619 641
619 1645
853 854
641 1645
619 641
619 1645
1190 1644
1170 1672
853 855
619 1645
635 648
1170 1672
1164 1645
623 661
641 689
843 854
826 855
1170 1672
887 891
810 854
606 621
841 852
1164 1645
694 896
852 881
1613 1632
832 834
1170 1672
832 834
654 661
1170 1672
832 834
641 689
1644 1667
826 860
1164 1645
832 834
615 619
852 853
853 854
661 692
832 834
853 854
887 891
1660 1662
838 854
826 860
832 834
1660 1662
854 858
832 834
600 613
831 869
662 687
832 834
664 867
683 698
810 860
832 834
1601 1629
664 867
831 869
1601 1629
664 867
832 834
627 635
664 867
1601 1629
627 683
1601 1629
664 867
627 635
1170 1672
1601 1629
664 867
810 860
1170 1672
664 867
832 834
664 867
810 860
664 867
1148 1658
832 834
600 609
1601 1629
832 834
664 867
832 834
664 867
810 860
807 889
810 860
609 690
664 867
832 834
1601 1629
664 867
832 834
1170 1672
664 867
832 834
664 867
1601 1629
1170 1672
832 834
664 867
832 834
609 690
664 867
832 834
600 613
609 690
664 867
832 834
609 690
1601 1629
664 867
664 867
1170 1672
664 867
1170 1672
664 867
832 834
1170 1672
832 834
664 867
832 834
832 834
832 834
1170 1672
664 867
832 834
664 867
1601 1629
664 867
1170 1672
664 867
1601 1629
1170 1672
664 867
832 834
664 867
832 834
831 869
832 834
664 867
832 834
831 869
664 867
664 867
832 834
664 867
664 867
832 834
664 867
664 867
664 867
664 867
832 834
664 867
832 834
831 869
860 867
664 867
664 867
664 867
851 862
664 867
664 867
664 867
664 867
1170 1672
664 867
1148 1658
609 690
1148 1658
664 867
609 690
810 813
832 834
832 834
832 834
831 869
664 867
1170 1672
664 867
664 867
832 834
831 869
832 834
831 869
832 834
832 834
831 869
1632 1856
831 869
832 834
831 869
664 867
832 834
664 867
832 834
664 867
831 869
664 867
832 834
831 869
832 834
664 867
832 834
664 867
832 834
831 869
664 867
832 834
609 690
832 834
609 690
831 869
832 834
609 690
664 867
664 867
832 834
831 869
831 869
600 613
832 834
831 869
832 834
831 869
832 834
664 867
831 869
832 834
831 869
832 834
609 690
831 869
664 867
600 613
661 694
664 867
600 613
831 869
600 613
1148 1658
600 613
810 860
831 869
664 867
664 867
600 613
1601 1629
832 834
681 694
1601 1629
831 869
832 834
831 869
832 834
1170 1672
1601 1629
664 867
1601 1629
831 869
1601 1629
600 613
1601 1629
1601 1629
664 867
1601 1629
664 867
810 860
831 869
810 860
1601 1629
600 613
1601 1629
831 869
1601 1629
664 867
1601 1629
664 867
831 869
600 613
1601 1629
831 869
1601 1629
832 834
1601 1629
664 867
831 869
1601 1629
831 869
1601 1629
1601 1629
1601 1629
664 867
1601 1629
664 867
1601 1629
664 867
1601 1629
664 867
1601 1629
664 867
1601 1629
664 867
1601 1629
664 867
832 834
1601 1629
664 867
832 834
1601 1629
832 834
664 867
1601 1629
832 834
1601 1629
664 867
664 867
664 867
664 867
664 867
1601 1629
825 833
664 867
825 833
1601 1629
664 867
661 694
1601 1629
664 867
609 690
664 867
609 690
810 813
664 867
609 690
664 867
831 869
664 867
831 869
664 867
831 869
654 660
1601 1629
664 867
825 833
664 867
831 869
1601 1629
664 867
1613 1672
1601 1629
664 867
825 833
664 867
810 860
664 867
825 833
1601 1629
664 867
1601 1629
831 869
1601 1629
664 867
810 860
1492 1613
1601 1629
664 867
810 860
1492 1613
664 867
810 860
1492 1613
810 860
825 833
831 869
825 833
1170 1672
831 869
810 860
825 833
1601 1629
664 867
1170 1672
1601 1629
825 833
1170 1672
664 867
825 833
1601 1629
1492 1613
1601 1629
664 867
825 833
1492 1613
664 867
683 698
825 833
664 867
831 869
832 834
664 867
825 833
664 867
832 834
1170 1672
664 867
831 869
661 694
664 867
600 613
661 694
1601 1629
661 694
664 867
825 833
1601 1629
867 868
851 862
810 813
831 869
867 868
831 869
838 852
664 867
867 868
831 869
664 867
810 813
831 869
832 834
810 813
832 834
810 813
810 860
831 869
832 834
831 869
1492 1613
831 869
831 869
831 869
1170 1672
810 860
1613 1672
661 694
810 860
1170 1672
810 860
832 834
810 860
1144 1662
1492 1613
1170 1672
810 860
1144 1662
1144 1662
810 860
832 834
600 609
832 834
810 860
810 860
1601 1629
1144 1662
810 860
832 834
810 860
851 862
1144 1662
1148 1658
1601 1629
810 860
851 862
600 609
825 833
810 860
832 834
1492 1613
832 834
1492 1613
832 834
825 833
600 609
832 834
851 862
851 862
825 833
830 834
851 862
1601 1629
825 833
609 690
664 868
832 834
810 860
832 834
832 834
1601 1629
1601 1629
664 867
851 862
1492 1613
664 867
851 862
810 813
832 834
664 867
825 833
810 860
851 862
810 813
832 834
664 867
1613 1672
810 860
851 862
810 813
831 869
832 834
664 867
810 860
851 862
810 813
831 869
810 860
664 867
1144 1662
851 862
609 690
851 862
600 609
609 690
664 867
851 862
623 692
609 690
851 862
609 690
664 867
664 869
825 833
825 833
851 862
664 867
825 833
851 862
609 690
664 867
664 867
851 862
851 862
825 833
1613 1672
810 860
851 862
832 834
664 867
810 860
851 862
851 862
664 867
851 862
851 862
664 867
832 834
664 867
851 862
664 867
851 862
664 867
664 867
810 860
851 862
825 833
664 867
832 834
851 862
825 833
664 867
825 833
851 862
1492 1613
664 867
825 833
832 834
851 862
831 869
825 833
851 862
664 867
825 833
831 869
851 862
831 869
851 862
867 868
851 862
851 862
661 694
825 833
851 862
1492 1613
661 694
825 833
851 862
661 694
851 862
1492 1613
825 833
851 862
1492 1613
661 694
661 694
825 833
1492 1613
852 854
664 867
1613 1672
851 862
851 862
831 869
825 833
1601 1629
825 833
810 860
825 833
1613 1672
825 833
810 813
851 862
810 813
825 833
851 862
664 867
810 860
664 867
825 833
851 862
664 867
851 862
810 813
648 666
851 862
851 862
1613 1672
1644 1667
825 833
1170 1672
851 862
664 867
851 862
664 867
825 833
664 867
825 833
664 867
825 833
810 860
851 862
807 889
600 613
832 834
851 862
609 690
832 834
851 862
600 613
664 867
867 868
600 613
681 694
867 868
648 683
867 868
600 613
609 623
600 609
654 660
867 868
851 862
1170 1672
663 686
851 862
1492 1613
651 694
867 868
1492 1613
654 694
851 862
616 692
851 862
664 867
851 862
825 833
1613 1672
867 868
825 833
1613 1672
664 867
867 868
1492 1613
1613 1672
1492 1613
851 862
832 834
1613 1672
1644 1672
664 867
825 833
1613 1672
1492 1613
1492 1613
1492 1613
1613 1672
1492 1613
1613 1672
1613 1672
1613 1672
654 694
1644 1667
825 833
851 862
1644 1667
660 694
681 692
664 867
651 692
635 648
654 660
654 660
1170 1667
825 833
1170 1667
1613 1672
832 834
1644 1667
1644 1667
1613 1672
832 834
1644 1667
1613 1672
851 862
831 868
1644 1667
1613 1672
1644 1667
831 868
1667 1672
1613 1672
1601 1629
1644 1667
1492 1613
851 862
1613 1644
1667 1672
1601 1629
832 834
1644 1667
825 833
831 868
1601 1629
1644 1667
825 833
1644 1667
1601 1629
1644 1667
1601 1629
1644 1667
825 833
1601 1629
1644 1667
825 833
1601 1629
1644 1667
1651 1674
1644 1667
825 833
1492 1613
1601 1629
1651 1674
1644 1667
825 833
1601 1629
1613 1672
880 887
1492 1613
1645 1671
1613 1672
827 834
810 860
1644 1667
817 847
827 832
1170 1644
1645 1649
823 847
817 823
1601 1629
827 834
817 847
831 832
834 860
827 832
831 860
851 860
1170 1644
1181 1672
1629 1644
817 860
827 834
832 834
1144 1170
831 860
827 832
851 860
827 834
1181 1672
826 866
891 898
1190 1658
832 834
831 860
888 894
851 860
860 880
831 851
860 887
831 880
831 887
827 834
832 834
831 860
851 860
827 832
609 690
1613 1671
1170 1671
827 834
832 834
810 873
831 860
827 832
635 660
831 851
681 694
841 860
635 666
851 860
623 654
827 834
831 860
851 860
609 635
627 635
1144 1644
609 627
684 1181
827 834
862 1671
831 860
1144 1629
666 827
851 860
1144 1644
602 677
1170 1672
620 650
636 860
611 1671
666 854
827 854
831 860
1170 1613
609 635
851 860
864 868
666 827
627 635
683 694
634 866
1629 1644
1144 1644
1144 1629
603 1649
826 1164
827 854
649 1671
860 869
831 860
609 635
627 635
634 866
1629 1644
603 1649
1144 1644
684 1181
866 871
826 1164
866 871
860 869
826 1632
609 635
627 635
634 866
1629 1644
603 1649
655 1678
860 869
1144 1629
683 869
609 635
683 860
627 635
681 860
634 866
1629 1644
603 1649
1144 1644
681 869
655 1678
681 683
810 873
860 869
683 869
683 860
681 860
634 866
681 683
1181 1645
1144 1644
681 869
603 1649
832 854
650 677
830 832
683 869
838 841
681 860
603 1649
655 1672
1181 1645
1144 1644
609 627
681 869
623 654
600 866
866 871
832 854
683 869
684 826
603 1649
1181 1645
1144 1644
681 869
600 866
866 871
832 854
619 689
683 869
684 826
681 860
634 866
689 1164
1144 1644
681 869
860 869
866 871
619 689
609 627
600 866
689 1164
1144 1644
603 1649
860 869
832 854
627 690
830 832
666 827
838 841
609 690
603 1649
600 866
689 1164
609 627
827 834
866 871
821 889
681 683
600 866
1144 1644
609 627
611 1671
603 1649
866 871
821 889
815 887
831 864
627 635
860 869
681 683
1144 1644
609 627
619 1164
603 1649
860 869
854 884
609 824
815 887
636 893
690 824
635 690
666 827
627 635
666 869
603 1649
600 866
699 862
830 834
832 834
830 832
860 869
667 832
627 690
699 862
854 884
635 690
666 827
627 635
880 887
634 866
609 824
603 1649
620 677
600 866
830 834
690 824
832 834
860 869
830 832
690 824
602 677
689 1164
628 847
667 834
666 827
600 866
1144 1644
619 1164
854 884
609 824
830 834
699 862
655 1678
621 662
616 663
635 690
627 635
603 1649
832 834
636 869
854 884
609 824
830 832
616 663
699 862
690 824
635 690
666 827
627 635
1164 1651
609 690
635 824
603 1649
689 1164
684 826
830 834
667 834
619 1164
854 884
609 824
830 834
627 690
699 862
662 685
636 831
666 827
888 890
832 834
644 698
852 855
838 855
600 866
689 1164
831 864
621 684
603 1649
830 832
689 1164
628 847
662 685
666 827
600 866
827 830
854 884
609 824
627 690
830 834
852 855
634 866
644 698
699 862
635 690
627 635
609 690
603 1649
832 834
830 832
869 896
689 1164
815 869
660 891
666 827
830 834
619 1164
854 884
609 824
641 699
815 896
644 698
699 862
602 665
621 684
683 869
627 635
683 896
660 682
603 1649
832 834
830 832
689 1164
825 898
628 847
666 827
681 683
600 866
619 851
854 884
1601 1644
830 834
815 896
644 698
838 855
1613 1672
602 665
860 893
627 635
699 862
663 696
832 834
854 884
609 824
699 862
815 896
852 855
606 662
628 667
603 1649
880 887
1613 1672
821 888
628 847
827 834
832 834
600 866
619 1645
827 832
854 884
636 892
699 862
668 669
636 860
815 896
880 887
832 834
681 683
1613 1672
600 866
827 830
654 692
689 826
1170 1672
655 1678
827 834
619 1645
854 884
689 1651
1144 1629
668 669
830 834
627 635
609 690
621 689
880 896
600 866
699 862
689 826
827 884
628 847
681 683
655 1678
603 1649
619 1645
860 869
1144 1629
636 860
830 860
609 627
662 685
609 635
880 896
600 866
821 888
619 1645
854 884
689 1651
830 834
634 866
1613 1672
655 1678
636 869
600 634
660 682
603 1649
860 869
1144 1629
1164 1645
636 860
663 681
609 627
827 884
662 685
689 1181
609 635
880 896
623 654
619 1645
854 884
623 694
689 1651
600 866
830 834
620 677
621 689
699 862
602 665
636 869
648 683
603 1649
683 692
851 1645
860 869
1144 1629
636 860
663 681
609 627
1170 1672
662 685
609 635
880 896
600 866
615 662
619 1645
854 884
689 1651
667 847
620 677
621 689
699 862
636 869
860 893
603 1649
636 869
621 662
830 834
1144 1629
619 1645
662 685
869 893
860 893
636 860
663 681
609 690
636 893
860 869
603 1649
699 862
628 847
803 849
628 686
600 866
860 869
815 898
1164 1645
636 860
663 681
609 627
683 696
628 667
662 685
609 635
880 896
831 864
619 1645
621 662
636 893
699 862
636 869
616 696
692 696
619 1164
603 1649
683 692
864 868
869 893
654 694
860 869
1164 1645
636 860
880 887
663 681
609 627
1170 1672
662 685
689 1181
609 635
689 826
827 841
831 864
619 1645
621 662
623 694
621 685
636 893
826 1181
830 834
627 690
606 662
636 869
616 696
860 893
635 690
615 685
603 1649
826 1651
869 893
860 869
668 669
636 860
663 681
662 685
1181 1651
689 1181
609 635
1164 1645
689 826
831 864
606 685
619 1645
636 893
826 1181
636 869
854 888
860 893
635 690
683 692
826 1651
869 893
606 621
860 869
636 869
636 860
830 832
662 685
1181 1651
1164 1645
635 690
609 635
669 1144
620 1144
1144 1672
683 692
830 834
689 826
623 654
606 662
826 1651
869 893
636 869
860 869
662 685
1181 1651
1164 1645
689 1181
635 690
609 635
826 1181
627 635
663 681
603 1649
689 826
830 854
826 1651
869 893
821 888
619 1645
860 869
830 832
648 663
1164 1645
636 860
807 889
662 685
1181 1651
689 1181
609 635
851 1164
689 826
619 1164
619 1645
621 662
830 834
628 692
620 677
1613 1672
636 869
860 893
609 690
609 627
667 683
869 893
860 869
648 663
1164 1645
636 860
660 683
600 634
609 627
869 892
619 689
662 685
689 1181
609 635
600 866
689 826
619 1164
606 685
619 1645
832 854
621 685
636 893
860 892
634 866
834 854
654 660
606 615
621 662
860 893
627 635
830 854
609 690
603 1649
826 1651
869 893
860 869
1164 1645
600 634
609 627
869 892
687 1658
866 871
681 692
662 685
609 635
687 1190
681 683
600 866
668 1658
669 687
669 1190
832 854
830 834
621 685
600 871
621 662
860 892
852 855
634 866
838 855
654 660
669 1658
636 869
627 690
860 893
627 635
830 854
834 854
663 696
869 893
860 869
1164 1645
636 860
609 627
668 1190
628 667
866 871
662 685
609 635
600 866
669 687
821 888
621 662
621 685
600 871
667 847
606 662
655 1190
1632 1856
838 855
634 866
636 869
627 690
616 696
1181 1674
627 635
603 1649
634 871
887 896
860 869
636 860
600 634
609 627
1170 1672
1651 1674
869 892
628 667
866 871
662 685
609 635
600 866
669 687
600 871
606 662
887 896
654 660
634 866
636 869
616 696
635 690
627 635
830 854
603 1649
634 871
869 893
654 694
860 869
851 869
609 627
1667 1671
1170 1672
628 667
866 871
662 685
1644 1645
609 635
600 866
1492 1613
832 854
648 696
600 871
1170 1645
634 866
606 615
636 869
852 855
1632 1856
615 685
627 635
609 690
1644 1667
603 1649
634 871
825 855
869 893
654 694
860 869
1190 1629
600 869
609 627
1601 1629
628 667
662 685
609 635
682 694
851 860
600 871
627 690
616 663
853 854
635 690
627 635
830 854
609 690
634 871
682 869
853 854
635 690
609 871
1632 1671
1645 1649
609 627
694 869
1601 1629
623 654
609 635
871 891
627 635
609 627
1170 1672
603 662
635 891
609 891
690 891
635 871
1181 1645
609 871
682 694
1492 1613
636 696
616 663
853 854
635 690
627 891
609 690
609 690
613 682
616 663
667 847
635 690
609 635
627 690
690 871
635 871
609 871
841 869
628 667
603 662
1649 1651
616 663
609 635
830 854
609 690
635 871
609 871
1651 1674
603 662
825 833
1649 1651
853 854
667 847
609 635
609 690
825 833
1170 1672
1651 1674
603 662
860 869
832 854
827 834
884 888
603 662
635 690
609 635
609 690
690 871
841 869
628 847
1651 1674
810 873
609 635
1649 1651
603 685
860 869
832 854
616 663
635 654
841 860
603 685
854 871
841 869
810 873
830 832
841 860
603 685
813 860
854 871
1651 1674
810 873
627 635
841 860
603 685
813 860
815 893
854 871
1170 1672
1651 1674
810 873
841 860
603 685
813 860
832 841
1651 1674
827 834
853 860
813 860
841 860
603 685
830 834
841 860
603 685
813 860
825 833
827 830
1170 1672
810 864
831 864
830 832
830 834
603 685
838 852
813 860
825 833
661 694
813 860
603 685
661 694
841 860
807 889
838 852
813 860
603 685
661 694
813 860
661 692
851 862
603 685
1170 1672
813 860
851 862
603 685
827 832
603 685
838 852
813 860
825 833
851 862
827 834
827 830
603 685
860 869
830 834
603 685
813 860
827 830
860 864
810 864
810 860
831 869
825 833
830 834
603 685
603 685
860 864
1170 1672
603 685
827 830
860 864
603 685
1170 1672
664 867
603 685
810 843
603 685
603 641
603 641
641 685
603 685
609 690
635 648
641 685
603 685
1632 1856
641 685
609 690
641 685
810 843
810 843
810 843
860 864
1651 1674
810 843
810 843
860 864
600 613
810 843
860 864
664 867
810 843
810 843
810 843
1170 1672
1651 1674
1170 1672
810 843
1170 1672
810 843
600 613
810 843
810 836
681 694
1170 1672
600 613
810 843
810 836
681 694
1170 1672
681 694
810 843
1170 1672
810 843
810 836
600 613
664 867
810 843
1170 1672
609 690
600 613
810 843
1170 1672
807 889
810 843
1492 1678
600 613
810 843
1492 1678
1170 1672
810 843
825 833
681 694
1651 1674
831 869
810 843
1492 1678
810 843
831 869
609 690
825 833
1170 1672
1651 1674
813 831
609 690
1651 1674
810 843
1492 1678
1170 1672
1651 1674
831 869
1492 1678
600 613
1651 1674
831 869
810 843
813 831
831 869
810 843
831 869
810 843
1649 1651
810 843
831 869
600 613
825 833
1651 1674
1170 1672
810 843
852 854
810 843
654 660
810 843
609 690
831 869
810 843
860 864
609 690
810 843
825 833
860 864
609 690
831 869
810 843
860 864
810 843
831 869
609 690
825 833
860 864
600 609
609 690
1649 1651
825 833
836 843
860 864
609 690
1649 1651
810 843
825 833
836 843
609 690
831 869
838 841
1649 1651
1649 1651
810 843
609 690
1613 1672
860 864
654 660
609 690
831 869
810 843
1613 1672
609 690
664 867
1649 1651
810 843
609 690
654 660
867 868
609 690
654 660
810 843
609 690
1649 1651
810 843
860 864
609 690
654 660
836 843
831 869
836 843
825 833
836 843
831 869
836 843
609 690
831 869
836 843
1632 1856
836 843
831 869
810 843
836 843
810 843
836 843
831 869
810 843
831 869
810 843
813 831
831 869
838 853
836 843
831 869
810 843
838 853
825 833
654 660
867 868
825 833
836 843
683 698
810 843
810 843
825 833
867 868
825 833
664 867
867 868
1170 1672
664 867
867 868
664 867
831 869
810 843
813 869
810 843
810 843
831 869
810 843
825 833
813 831
810 843
664 867
831 869
810 843
810 843
831 869
810 843
831 869
810 843
825 833
1649 1651
825 833
1649 1651
810 843
825 833
1649 1651
825 833
1649 1651
1649 1651
1649 1651
825 833
1649 1651
810 843
648 666
825 833
860 864
867 868
648 666
810 843
825 833
1170 1672
825 833
831 869
825 833
810 843
825 833
1649 1651
1649 1651
810 843
1649 1651
1649 1651
813 831
825 833
825 833
634 871
1632 1856
1632 1856
860 864
1170 1672
831 869
860 864
860 864
807 889
825 833
609 690
813 860
609 690
825 833
609 690
825 833
813 831
1651 1674
654 660
1651 1674
810 843
1144 1662
1651 1674
1651 1674
1649 1651
1651 1674
1649 1651
867 868
813 831
867 868
825 833
825 833
609 690
813 831
867 868
609 690
609 690
609 690
609 690
825 833
832 834
810 843
825 833
832 834
832 834
836 843
825 833
1651 1674
867 868
832 834
825 833
1144 1662
1651 1674
867 868
832 834
867 868
644 666
832 834
627 635
832 834
825 833
825 833
634 871
654 660
1651 1674
867 868
832 834
836 843
1651 1674
825 833
836 843
1651 1674
867 868
832 834
1651 1674
825 833
832 834
1651 1674
825 833
832 834
609 690
1651 1674
832 834
1651 1674
867 868
832 834
825 833
1651 1674
810 843
836 843
1651 1674
836 843
609 690
1651 1674
832 834
836 843
1651 1674
1651 1674
634 871
1651 1674
810 843
1144 1662
832 834
609 690
1651 1674
825 833
836 843
1651 1674
831 869
836 843
1651 1674
836 843
1651 1674
1144 1662
831 869
836 843
1144 1662
836 843
1144 1662
836 843
1144 1662
1144 1662
836 843
1144 1662
860 864
1632 1856
810 843
813 831
1144 1662
1632 1856
860 864
1144 1662
1613 1672
860 864
1144 1662
1613 1672
661 694
1144 1662
860 864
661 694
860 864
623 692
836 843
832 834
836 843
813 831
832 834
813 831
832 834
836 843
832 834
813 831
860 864
609 690
836 843
832 834
813 831
832 834
836 843
1651 1674
810 843
1613 1672
813 831
1651 1674
810 843
813 831
825 833
810 843
825 833
867 868
813 831
810 843
813 831
1613 1672
832 834
620 677
620 691
620 677
813 831
620 691
813 831
813 831
813 831
813 831
813 869
813 831
813 869
860 864
813 831
825 833
813 831
807 889
825 833
825 833
832 834
825 833
810 843
825 833
810 843
860 864
860 864
825 833
810 843
825 833
810 843
832 834
860 864
813 860
813 831
810 843
860 864
832 834
860 864
810 843
860 864
813 831
810 843
860 864
860 864
634 866
810 843
860 864
654 660
813 831
1651 1674
813 831
810 843
825 833
1651 1674
831 869
813 869
825 833
609 690
810 843
860 864
810 843
860 864
813 831
810 843
860 864
810 843
860 864
813 831
810 843
860 864
609 690
813 831
810 843
810 843
644 666
813 831
810 843
851 862
860 864
813 831
810 843
813 831
1170 1672
813 831
810 843
813 831
810 843
810 843
1613 1672
860 864
860 869
810 843
831 869
1170 1672
826 827
1651 1674
836 843
860 868
826 827
613 658
826 860
810 843
644 666
836 843
613 658
810 843
836 843
600 613
810 843
836 843
838 841
810 843
836 843
810 843
836 843
810 843
836 843
1170 1672
810 843
836 843
1492 1613
1170 1672
838 841
810 843
836 843
1492 1613
838 841
810 843
654 660
1170 1672
836 843
831 869
810 843
836 843
1170 1672
810 843
836 843
836 843
644 666
810 843
1492 1613
838 841
810 843
836 843
1492 1613
810 843
836 843
1144 1662
810 843
836 843
1144 1662
831 869
810 843
836 843
1170 1672
1144 1662
810 843
836 843
609 690
810 843
836 843
1492 1613
838 841
810 843
1660 1662
831 869
1645 1671
1170 1672
1651 1674
836 843
860 869
1144 1662
810 843
1144 1644
1632 1645
609 690
1613 1632
1170 1672
836 843
1144 1662
1170 1613
1660 1662
1148 1170
1144 1658
1632 1671
1144 1613
1170 1672
1170 1658
836 843
838 841
841 867
1632 1671
1190 1662
1148 1190
810 843
1632 1645
1632 1671
813 860
860 864
1601 1856
1660 1662
1164 1645
1632 1644
1645 1649
1164 1649
1601 1856
810 843
1164 1645
813 860
1671 1674
1144 1632
836 843
1164 1645
813 860
810 843
1164 1645
813 860
1164 1645
1190 1601
1190 1601
810 843
1148 1190
836 843
1649 1678
810 843
600 613
807 889
810 843
836 843
810 843
836 843
813 860
810 843
836 843
813 860
810 843
836 843
860 864
1190 1658
810 843
836 843
838 852
810 843
836 843
860 864
1190 1601
810 843
836 843
1190 1601
613 658
831 868
644 666
825 833
1190 1678
1601 1678
825 833
613 658
613 658
825 833
613 658
1601 1678
1190 1678
613 658
609 690
613 658
836 843
1170 1672
609 690
1613 1672
609 690
613 658
1181 1674
836 843
609 690
623 692
810 843
609 690
613 658
813 843
609 690
609 690
831 868
613 658
613 658
813 843
813 843
813 843
609 690
648 666
613 658
831 868
813 843
654 660
813 860
613 658
813 843
831 868
644 666
813 843
609 690
644 666
813 843
609 690
831 868
613 698
623 658
827 869
831 860
810 843
600 658
613 658
826 868
635 683
831 860
852 858
609 868
838 852
613 623
825 834
831 860
635 661
858 868
628 868
635 636
628 635
655 868
635 663
626 698
692 694
623 660
627 635
626 698
616 681
655 868
623 694
648 683
627 635
616 681
660 681
654 694
648 681
616 683
600 634
600 858
615 655
1613 1672
609 690
852 858
648 683
600 858
615 655
616 648
615 655
654 869
609 690
648 683
616 683
627 635
619 621
620 677
648 683
615 621
606 619
616 648
609 690
658 690
615 619
615 619
687 1190
615 621
658 690
609 658
648 683
615 621
620 677
615 619
619 621
620 677
619 638
615 621
606 619
681 683
1601 1629
615 619
606 638
620 677
615 619
615 621
606 619
658 690
619 638
1164 1645
620 677
606 638
615 619
620 650
620 677
1170 1613
619 638
606 619
620 650
615 619
1164 1672
615 621
620 677
615 619
619 621
1164 1672
620 677
615 619
615 621
1613 1672
1170 1672
620 677
615 619
606 619
620 677
1170 1181
1170 1613
1181 1672
1632 1644
1613 1672
1170 1613
1181 1672
1181 1674
1613 1672
1170 1672
606 621
1170 1674
620 677
1613 1672
621 1181
1170 1613
1632 1671
619 638
619 1181
1170 1613
1170 1613
1190 1632
1613 1672
1660 1662
1660 1662
1660 1662
1660 1662
654 869
1181 1674
1170 1613
1170 1672
1170 1613
1613 1672
1660 1662
1613 1672
1170 1672
1660 1662
1613 1672
1170 1672
1181 1674
1170 1672
1181 1651
1181 1651
1632 1671
1629 1667
1632 1644
1181 1644
1632 1644
1181 1651
636 869
1181 1651
1181 1674
1632 1671
1190 1662
654 694
1181 1674
1181 1674
1181 1651
1181 1674
1190 1632
1181 1651
1181 1674
1181 1651
1651 1674
1660 1662
1660 1662
654 869
1190 1632
1660 1662
654 869
1181 1674
1190 1632
1190 1632
1190 1632
1190 1632
1190 1632
654 869
654 869
1651 1674
654 869
654 694
1181 1674
654 869
1181 1674
654 869
1190 1632
1190 1632
623 869
1190 1632
1190 1632
654 869
654 869
654 869
1181 1674
1190 1632
1651 1674
1181 1674
1190 1632
654 869
1181 1674
1148 1678
654 869
1660 1662
1660 1662
654 869
1632 1678
1674 1678
1181 1674
654 869
623 869
1632 1644
654 869
606 662
654 869
1632 1644
1181 1678
1674 1678
654 869
1632 1644
654 869
1632 1644
1632 1644
1190 1632
601 827
1190 1632
851 860
1190 1632
654 869
851 860
1613 1672
1148 1632
851 860
1632 1678
1148 1632
831 869
807 893
803 807
831 869
809 892
803 841
1492 1678
1148 1632
1651 1674
803 841
880 887
892 893
831 869
803 841
807 841
694 860
807 841
601 827
881 895
694 860
814 821
694 860
694 860
828 830
694 860
827 834
601 827
828 832
694 860
694 860
827 834
694 860
827 834
694 860
827 834
827 834
1164 1672
694 860
883 886
694 860
1164 1672
883 886
694 860
827 834
827 834
1170 1613
1181 1674
601 827
827 834
1164 1672
1170 1613
827 834
1613 1672
827 834
1613 1672
1181 1674
1613 1672
1651 1674
827 834
868 873
827 834
827 834
827 834
654 860
1170 1672
1170 1613
601 827
644 666
609 658
1170 1672
609 658
622 662
1170 1672
1170 1672
627 635
664 868
1181 1674
627 635
1170 1613
1181 1674
681 683
692 860
1170 1672
1651 1674
1170 1613
692 860
627 635
1651 1674
692 860
681 683
1181 1674
681 683
692 860
827 834
681 1190
860 893
683 860
681 860
623 860
681 683
621 638
1651 1674
683 860
681 683
681 860
683 893
692 860
683 692
621 638
827 834
1651 1674
1190 1672
681 692
860 893
681 860
609 658
681 893
692 860
609 690
681 692
683 860
681 860
609 658
692 860
609 658
619 638
683 860
609 690
609 690
681 692
683 860
692 860
681 860
609 658
681 683
1492 1678
827 834
683 860
681 860
609 658
692 860
619 621
683 893
683 860
627 635
681 860
855 873
609 658
609 658
619 638
683 860
681 860
623 860
683 860
681 860
623 860
619 638
683 860
681 860
855 873
609 658
692 860
1651 1674
609 658
683 860
681 860
638 1164
683 860
681 860
609 658
618 860
683 860
623 860
692 860
623 681
618 860
619 1164
618 681
626 698
623 860
853 854
683 860
609 658
692 860
1613 1672
623 681
619 1164
609 658
654 682
860 893
683 860
609 690
681 683
683 692
623 681
1601 1629
654 682
636 681
855 873
609 658
623 681
619 1164
636 892
836 873
866 873
636 681
636 860
681 892
609 690
681 860
836 866
619 1164
654 682
836 873
609 690
681 893
1170 1672
1651 1674
619 1164
836 873
866 873
627 635
638 662
1651 1674
619 1164
836 873
866 873
663 683
627 635
654 696
855 873
681 893
654 686
619 1164
609 623
651 683
654 696
663 692
651 663
651 692
626 681
648 692
1170 1632
651 683
681 694
654 696
627 635
651 663
644 661
1170 1672
1651 1674
619 1164
1181 1678
651 683
836 851
651 663
609 635
654 696
686 696
623 651
627 635
644 661
1170 1672
681 696
619 1164
658 661
651 683
686 696
644 667
1190 1632
609 690
613 661
606 638
1170 1672
658 661
609 690
627 690
681 694
1170 1613
644 667
611 616
658 661
609 690
627 690
636 860
635 690
609 635
663 692
651 654
1651 1674
619 1164
658 661
609 635
661 663
836 851
635 690
636 860
644 667
609 690
658 690
1651 1674
619 1164
635 658
616 654
628 661
648 683
1190 1632
860 868
606 638
1651 1674
619 1164
623 654
650 654
687 1632
635 658
654 667
651 667
1651 1674
619 1164
635 661
651 667
651 654
1651 1674
619 1164
601 666
606 638
620 650
836 851
648 666
606 638
619 1164
613 658
620 677
621 638
606 638
600 609
620 650
619 1164
628 667
836 851
883 886
621 638
619 1164
836 851
648 666
803 841
606 638
621 638
1164 1667
836 851
803 841
615 662
836 851
615 662
621 638
836 851
836 851
836 851
860 864
883 888
883 886
860 864
883 888
681 683
836 851
860 864
836 851
883 886
888 890
619 1164
627 635
836 851
836 851
609 690
803 841
803 841
613 658
860 864
627 635
860 864
860 864
860 864
648 666
1164 1667
1613 1672
860 864
1613 1672
860 864
1492 1613
1492 1613
1651 1674
1651 1674
860 864
609 690
1651 1674
1613 1672
609 690
1170 1672
609 690
609 690
1164 1613
1164 1672
1613 1667
1164 1613
609 690
1660 1662
609 690
1613 1672
1660 1662
1164 1613
609 690
1613 1672
1164 1613
1613 1672
1164 1672
609 690
1613 1672
1164 1672
648 666
627 635
609 690
1164 1672
1164 1613
600 613
609 690
1164 1672
609 690
1164 1672
609 690
1164 1672
1164 1672
1164 1672
1144 1856
1651 1674
1164 1672
683 698
648 666
648 666
683 698
1613 1672
609 690
683 698
1660 1662
609 690
1164 1613
613 658
627 635
1164 1613
613 658
627 635
1613 1672
1164 1672
1164 1613
613 658
681 683
1164 1672
1164 1613
613 658
681 683
1164 1672
681 683
1164 1672
681 683
1613 1672
644 666
1164 1672
681 683
1164 1672
681 683
1164 1672
681 683
1613 1672
1144 1644
1164 1672
1164 1651
681 683
1613 1672
1144 1644
1164 1651
1660 1662
1144 1644
1170 1672
681 683
661 663
681 683
635 648
1170 1672
1164 1672
635 648
681 683
635 648
681 683
635 648
884 889
1144 1644
635 648
1144 1644
635 648
1170 1672
635 648
1144 1644
635 648
1144 1644
635 648
681 683
644 666
609 690
681 683
635 648
1164 1672
1170 1613
609 690
681 683
1144 1644
635 648
644 666
1164 1672
600 613
609 690
1144 1644
635 648
644 666
1164 1672
1144 1644
613 658
681 683
635 648
644 666
1164 1672
1164 1613
613 658
681 683
635 648
644 666
1164 1672
849 882
1144 1644
613 658
609 690
681 683
635 648
644 666
1164 1672
681 683
635 648
644 666
1164 1672
600 613
681 683
644 666
1170 1613
600 613
609 690
681 683
1170 1613
613 658
681 683
644 666
600 613
644 681
613 658
609 690
681 683
1170 1672
644 666
821 882
609 690
681 683
644 666
609 690
681 683
644 666
849 882
613 658
609 690
681 683
1170 1672
644 666
1181 1651
815 880
681 683
1613 1672
1170 1672
644 666
815 887
644 666
880 887
681 683
860 864
815 880
1170 1613
613 658
880 887
609 690
681 683
635 648
815 880
1170 1613
644 681
600 613
880 887
609 690
681 683
1170 1672
815 880
1170 1613
644 681
600 613
880 887
1170 1672
815 880
644 681
815 887
815 880
600 613
880 887
609 690
681 683
644 666
1170 1613
644 681
815 887
880 887
609 690
681 683
1170 1672
815 880
644 681
815 887
880 887
609 690
860 864
635 648
1170 1672
815 880
644 681
815 887
613 658
600 613
880 887
609 690
644 666
635 648
815 880
815 887
600 613
814 889
613 658
880 887
609 690
803 841
635 648
815 880
815 887
613 658
600 613
880 887
609 690
681 683
635 648
815 880
815 887
600 613
613 658
880 887
609 690
681 683
815 887
648 666
613 658
880 887
609 690
681 683
815 880
650 677
815 887
613 658
681 683
880 887
650 677
613 658
627 635
880 887
635 648
681 683
613 658
627 635
880 887
609 690
681 683
613 658
880 887
880 887
880 887
613 658
627 635
880 887
609 690
613 658
627 635
880 887
627 635
880 887
627 635
880 887
600 613
880 887
613 658
880 887
613 658
880 887
613 658
880 887
609 690
609 690
661 663
613 658
880 887
609 690
815 880
613 658
880 887
609 690
815 880
613 658
880 887
609 690
600 613
613 658
613 658
661 663
600 613
609 690
650 1144
651 654
609 690
650 1144
880 887
600 613
613 658
880 887
609 690
1613 1672
644 666
613 658
600 613
880 887
609 690
644 666
609 690
681 683
1181 1674
880 887
1181 1674
600 613
880 887
609 690
681 683
600 613
880 887
600 613
613 658
880 887
648 666
613 658
681 683
600 613
880 887
1181 1674
613 658
677 1144
681 683
880 887
600 613
681 683
600 613
880 887
681 683
600 613
880 887
609 690
650 677
1181 1674
600 613
880 887
616 681
860 864
600 613
1181 1674
609 690
880 887
600 613
880 887
860 864
1181 1674
880 887
650 1144
613 658
880 887
860 864
609 690
650 1144
600 613
880 887
648 666
1181 1674
880 887
600 609
815 880
648 666
681 683
880 887
1144 1856
803 841
1144 1856
1181 1674
880 887
650 677
880 887
880 887
600 609
880 887
860 864
880 887
880 887
880 891
860 864
1144 1856
815 880
681 683
1181 1674
860 864
1181 1674
627 635
860 864
860 864
609 690
880 891
880 887
860 864
1613 1678
880 891
860 864
815 891
880 887
681 683
1181 1674
880 887
1613 1678
1170 1613
681 683
613 658
860 864
1170 1613
887 892
613 658
880 887
880 892
681 683
1613 1672
1170 1672
1644 1856
613 658
1181 1674
880 887
681 683
1613 1672
1651 1674
1613 1856
676 860
613 658
681 683
880 887
1613 1672
1662 1678
648 666
1644 1856
613 658
1613 1672
853 854
613 658
681 683
1613 1672
1170 1672
853 854
648 666
681 683
1613 1672
810 860
1144 1672
853 854
1601 1678
627 635
681 683
1613 1672
860 864
1170 1672
1613 1856
853 854
600 613
681 683
860 864
1170 1672
831 860
661 663
600 613
609 690
681 683
860 864
681 683
1190 1632
1651 1674
810 860
687 1632
858 860
1190 1632
681 683
687 1190
810 860
1170 1632
1181 1674
681 683
810 860
1613 1667
853 854
681 683
1170 1672
687 1679
1632 1856
1613 1667
853 854
609 690
681 683
1613 1667
853 854
1632 1671
609 690
681 683
1144 1181
1613 1667
853 854
1667 1672
648 666
681 683
853 854
600 613
627 635
648 666
681 683
853 854
600 613
681 683
627 635
609 690
644 666
853 854
613 658
681 683
609 690
821 886
821 883
1492 1613
1632 1856
853 854
613 658
609 690
821 886
883 886
821 883
1613 1667
853 854
613 658
609 690
821 886
681 683
821 883
1613 1667
853 854
613 658
681 683
609 690
609 690
613 658
883 886
807 815
613 658
681 683
644 666
644 666
613 658
644 666
681 683
613 658
1613 1667
613 658
681 683
644 666
1613 1667
613 658
681 683
644 666
616 623
644 666
616 623
1613 1667
1613 1667
613 658
644 666
616 623
1613 1667
613 658
681 683
644 666
616 623
644 666
613 658
1613 1667
838 841
1613 1667
648 666
613 658
681 683
644 666
616 623
1613 1667
613 658
681 683
644 666
616 623
663 682
1613 1667
613 658
681 683
644 666
616 623
1613 1667
613 658
663 686
681 683
644 666
644 666
661 663
681 683
613 658
616 623
644 666
681 683
613 658
616 623
644 666
681 683
613 658
616 623
880 892
661 663
681 683
613 658
616 623
661 663
613 658
681 683
616 623
681 683
613 658
616 623
1613 1667
613 658
616 623
661 663
613 658
661 663
613 658
661 663
644 666
635 648
661 663
627 635
635 648
661 663
627 635
661 663
681 683
616 623
627 635
635 648
613 658
627 635
635 648
627 635
1613 1672
627 635
1492 1613
627 635
627 635
627 635
627 635
661 682
613 658
1492 1613
613 658
644 666
613 658
600 613
613 658
1492 1613
627 635
627 635
1492 1613
613 658
644 666
613 658
1492 1613
609 690
613 658
644 666
613 658
1492 1613
613 658
1492 1613
613 658
1492 1613
613 658
644 666
1492 1613
644 666
613 658
627 635
1492 1613
644 666
613 658
609 690
663 682
1492 1613
613 658
627 635
609 690
1613 1672
644 666
613 658
613 658
609 690
644 666
613 658
616 623
635 648
661 663
644 666
616 623
663 682
661 663
613 658
609 690
663 686
644 666
616 623
609 690
663 686
661 663
613 658
663 682
648 666
648 666
609 690
644 666
635 648
609 690
644 666
609 690
644 666
648 666
644 666
648 683
681 683
644 666
686 696
616 623
681 683
616 623
681 683
635 648
681 683
651 692
686 696
648 681
661 663
686 696
661 663
681 683
600 613
648 666
600 613
686 696
600 613
686 696
1492 1613
616 623
663 686
681 683
616 623
654 692
681 683
616 623
648 666
1492 1613
681 683
616 623
681 683
613 658
1613 1672
601 644
648 666
681 683
601 644
648 666
613 658
681 683
616 623
648 666
681 683
648 666
1170 1672
681 683
613 658
627 635
1492 1613
681 683
627 635
681 683
613 658
613 658
613 658
1492 1613
648 666
1651 1674
613 658
1492 1613
1651 1674
613 658
1492 1613
613 658
609 690
1492 1613
613 658
609 690
1492 1613
613 658
609 690
613 658
616 623
613 658
1492 1613
613 658
1492 1613
661 663
613 658
616 623
1492 1613
613 658
1492 1613
613 658
616 623
1492 1613
613 658
1651 1674
616 623
1492 1613
613 658
1492 1613
613 658
1492 1613
613 658
1170 1632
613 658
1492 1613
1170 1632
613 658
648 666
613 658
609 690
654 692
1170 1672
648 666
1492 1613
648 666
648 666
1170 1672
644 666
644 666
654 692
654 692
654 692
654 692
600 613
1170 1672
663 682
654 692
600 613
654 692
600 613
616 623
1613 1672
613 658
600 613
654 692
613 658
613 658
613 658
613 658
1492 1613
613 658
613 658
613 658
681 683
613 658
654 692
613 658
613 658
1492 1613
600 613
681 694
635 696
654 692
681 694
1613 1672
1613 1672
681 683
681 683
681 683
1492 1613
644 666
681 683
1492 1613
644 666
681 683
648 666
644 666
648 666
644 666
681 683
609 690
681 683
635 648
690 694
663 682
635 661
616 694
600 613
648 681
623 683
609 616
1613 1672
635 648
654 692
600 683
658 683
627 681
644 666
600 613
648 681
613 660
1613 1672
654 692
635 648
627 663
658 683
635 694
663 683
623 698
600 613
626 698
660 681
623 654
644 666
616 648
663 683
663 686
660 681
651 667
616 648
616 686
663 683
616 683
600 613
663 686
651 667
648 683
616 648
648 686
1144 1181
648 663
644 658
616 683
600 613
660 681
1492 1613
623 692
616 683
626 698
683 696
651 667
663 683
600 613
644 666
626 698
663 686
651 667
609 627
663 696
616 663
663 683
600 613
686 696
626 698
660 681
651 667
683 696
663 696
616 686
616 663
663 683
626 698
663 686
651 667
663 696
609 627
644 666
667 698
623 692
663 683
600 613
626 698
609 627
660 681
683 696
644 666
651 667
667 698
667 666
663 683
600 613
644 667
644 698
1613 1672
683 696
616 648
651 667
623 692
663 683
616 683
626 644
644 667
644 698
660 681
651 667
683 696
663 696
667 698
616 663
663 683
600 635
609 658
651 698
609 627
660 681
683 696
667 698
627 690
623 661
661 692
663 683
616 683
609 635
627 635
644 667
609 658
635 658
609 627
660 681
683 696
627 658
663 696
635 690
609 658
661 692
663 683
635 658
609 635
667 698
627 658
627 635
609 690
658 690
683 696
600 658
644 667
609 658
609 648
644 661
613 623
627 635
609 616
644 661
601 661
686 696
627 635
683 698
660 681
658 698
660 667
654 694
667 666
666 694
648 683
686 696
627 635
601 666
601 681
661 663
627 635
683 698
681 683
600 609
628 692
681 683
627 635
683 698
600 609
628 692
682 696
683 698
616 623
681 683
644 666
682 696
613 658
681 683
627 635
683 698
1613 1672
654 692
616 623
627 635
609 690
683 698
681 683
600 609
654 692
616 623
600 609
609 690
627 635
627 635
683 698
627 635
616 623
627 635
609 690
616 623
648 666
613 658
627 635
609 690
616 623
627 635
683 698
1613 1672
616 623
683 698
613 658
627 635
627 635
613 658
627 635
616 623
654 692
613 658
627 635
682 696
613 658
627 635
654 692
654 692
627 635
616 623
1613 1672
616 623
613 658
616 623
1492 1613
683 698
1492 1613
683 698
616 623
1492 1613
1170 1672
683 698
1492 1613
683 698
613 658
1492 1613
683 698
613 658
648 666
683 698
613 658
616 623
683 698
613 658
616 623
1492 1613
683 698
613 658
616 623
1492 1613
613 658
627 635
683 698
616 623
1492 1613
613 658
627 635
683 698
616 623
648 666
683 698
613 658
616 623
1492 1613
648 666
613 658
683 698
648 666
613 658
683 698
654 692
616 623
613 658
609 690
683 698
654 692
616 623
648 666
627 635
609 690
683 698
654 692
648 666
609 690
683 698
644 666
616 623
1492 1613
609 690
683 698
654 692
616 623
609 690
654 692
683 698
644 666
609 690
683 698
644 666
616 623
609 690
683 698
616 623
648 666
683 698
683 698
683 698
1649 1651
1170 1667
616 623
1613 1672
616 623
616 623
1613 1672
616 623
616 623
616 623
648 666
628 692
627 635
654 692
616 623
635 648
654 692
1613 1672
635 648
654 692
654 692
654 692
616 623
635 648
683 698
616 623
683 698
635 648
1170 1672
616 623
1649 1651
613 658
1613 1672
635 648
616 623
654 692
613 658
635 648
613 658
613 658
616 623
1492 1613
1492 1613
682 696
613 658
1492 1613
683 698
613 658
1492 1613
635 648
683 698
613 658
1492 1613
682 696
683 698
613 658
1492 1613
683 698
683 698
1492 1613
1492 1613
1649 1651
613 658
613 658
627 635
616 623
1492 1613
613 658
683 698
613 658
627 635
1492 1613
683 698
613 658
1492 1613
683 698
613 658
683 698
613 658
613 658
627 635
683 698
1613 1672
1492 1613
613 658
683 698
1613 1672
683 698
613 658
1613 1672
1492 1613
635 648
683 698
613 658
1492 1613
683 698
1492 1613
683 698
681 683
658 681
1492 1613
605 684
683 698
1492 1613
635 648
654 660
683 698
654 692
683 698
1632 1856
682 696
609 690
654 692
683 698
654 692
1492 1613
683 698
644 666
1170 1672
683 698
613 658
683 698
681 683
613 658
1613 1672
661 663
613 658
1492 1613
1492 1613
1492 1613
683 698
613 658
644 666
661 663
613 658
1492 1613
613 658
648 666
683 698
613 658
627 635
1613 1672
683 698
613 658
683 698
613 658
627 635
1492 1613
1613 1672
613 658
683 698
1613 1672
600 609
600 609
683 698
613 658
613 658
681 683
683 698
644 666
616 623
1492 1613
609 690
683 698
644 666
1492 1613
609 690
683 698
1492 1613
613 658
681 683
683 698
1613 1672
1492 1613
613 658
613 658
1492 1613
613 658
686 696
609 690
600 609
609 690
616 623
609 690
686 696
683 698
1492 1613
609 690
686 696
807 889
1492 1613
613 658
686 696
609 690
683 698
654 660
609 690
613 658
686 696
613 658
616 623
654 660
1492 1613
616 623
1492 1613
683 698
600 613
683 698
628 692
654 692
1492 1613
654 692
600 613
1492 1613
609 690
683 698
683 698
681 683
609 690
600 613
600 613
681 683
686 696
683 698
616 623
681 683
600 613
686 696
616 623
1492 1613
628 692
600 613
686 696
627 635
681 683
613 658
628 692
600 613
627 635
686 696
681 683
600 613
613 658
681 683
609 690
613 658
600 613
681 683
627 635
663 686
648 666
681 683
627 635
644 666
616 623
686 696
616 623
616 623
686 696
681 683
644 666
686 696
683 698
681 683
627 635
682 696
683 698
681 683
627 635
1492 1613
609 690
683 698
627 635
1492 1613
683 698
627 635
609 690
663 686
686 696
627 635
686 696
609 690
683 698
628 692
686 696
682 696
683 698
600 609
683 698
600 613
661 663
648 666
609 690
683 698
600 609
681 683
627 635
683 698
600 609
627 683
1492 1613
635 698
648 666
661 663
600 613
616 681
681 683
658 683
1492 1613
1660 1662
667 696
661 663
600 613
663 686
663 696
635 694
831 860
628 667
616 683
600 613
663 686
644 683
635 683
1492 1613
667 692
609 667
627 635
644 683
635 636
628 667
627 636
616 683
626 698
623 658
644 661
635 636
628 667
1492 1613
648 696
628 692
623 658
644 661
628 667
613 661
616 683
627 635
626 698
667 683
654 683
1492 1613
616 683
627 635
663 686
683 692
616 623
1492 1613
663 686
644 666
644 667
1492 1613
1492 1613
616 683
626 698
626 661
601 626
1492 1613
623 666
1492 1613
623 666
627 690
1492 1613
661 817
616 683
1492 1613
1632 1671
616 683
803 849
616 683
1492 1613
609 833
661 817
1492 1613
648 651
648 651
803 849
803 849
635 690
803 849
627 635
635 661
661 690
1170 1613
803 849
635 661
803 849
627 635
815 891
1170 1613
627 635
627 635
627 635
627 635
627 635
601 690
1632 1856
815 891
815 891
1170 1613
815 891
1170 1613
1181 1674
1170 1613
690 807
1170 1613
690 807
1170 1613
690 807
1170 1613
1164 1649
627 635
690 807
690 807
690 807
690 807
690 807
628 692
628 692
658 683