455412 352338 151 455387 389645 317971 344644 455323 455324 455328 455336 429314 455342 455343 455371 455372 455379 455386 455390 455404 455405 298449 455420 455444 455445 455449 455450 455460 455461 455488 455489 455490 455496 455516 455517 148412 27770 124142 21746 429315 351985 455322 
26871 256076 256077 256083 256084 256111 184451 16521 256161 256162 256169 256170 256171 256175 256176 25288 256179 28858 239804 112834 256197 256200 256226 256227 256722 10487 256248 26875 11997 256318 256337 256401 256402 256403 90523 256422 256423 256424 256425 256433 149961 256479 256480 256503 256504 10758 256588 256596 392635 205420 256646 256647 256691 256699 10940 256721 256736 256737 10983 10996 256813 60216 256867 256868 256876 256877 256883 256884 256911 256947 256948 27635 246790 46107 256177 257069 257078 257081 257093 257094 257095 257099 50271 238703 27771 257151 13458 218261 257189 392732 1201 9396 1223 257226 189647 257238 257288 257289 1336 9580 89453 66939 17797 11680 9641 392636 256178 392642 392643 1484 13828 165488 89732 392860 9887 13987 134825 20186 239234 3857 253743 55107 55112 42879 392861 102381 
454692 119 16602 26920 12637 16762 350956 70110 25500 470857 89021 396246 66579 470858 42196 87289 189708 11562 11156 148871 148949 8101 470876 149072 34387 149077 120417 149096 149098 470799 470809 470840 470841 108404 470906 55166 352920 25638 55205 153586 
149164 471078 55342 15709 432177 471735 471128 471129 148943 149188 146459 26802 16594 87758 16599 471259 228 471269 471270 43267 269 471770 135482 49480 49485 49499 45428 305220 16820 16821 471482 471502 56618 72203 426510 426525 426549 471618 471619 88678 148926 471671 471672 471673 352897 55256 471734 471758 352978 148942 471769 353007 353008 27384 471854 458370 80725 181088 74560 104258 86994 185312 87011 25621 149340 91187 185451 58516 90651 479089 257200 398782 58619 13570 426548 11580 148837 148838 93555 91540 148898 148919 148920 148923 148925 148927 148928 13790 148977 427565 149085 149041 149059 149060 46661 1617 149084 149145 21103 16032 149153 149179 7886 149199 149200 149203 204519 478963 478964 394878 34558 478984 478985 149274 149275 390949 149286 470823 431933 149325 149326 479062 479064 149339 431979 479090 149376 429965 479120 55212 479149 479150 479155 55235 479189 2009 479195 479196 479217 
133140 241732 104539 92 59500 63611 124 16539 16580 206544 16646 26974 26985 16779 253686 253705 90681 178776 123568 131765 72383 37576 7631 19239 60221 121079 253773 113758 27757 185472 9390 1219 72924 120110 120114 1373 253384 253387 253390 253391 253392 253393 253394 253395 253400 253405 253412 253413 253424 253426 253427 253428 253429 253430 253452 253453 91662 253463 253464 253467 253468 253472 253473 253474 253475 253476 253532 91700 149051 253515 253516 1618 253531 253533 253551 253557 253558 253559 253566 181889 253570 253571 253577 253578 253579 253580 253597 253598 253606 253607 34476 253621 253622 253631 253636 253637 61148 253661 253662 253665 253666 253667 253668 91894 253687 253690 253702 253703 253706 253718 253729 253730 253744 253745 253746 253747 253762 253769 253770 253771 253772 206684 178029 36721 10170 206817 
470834 39393 392054 9094 27730 410876 271632 410906 57175 
233516 16668 26941 27367 344474 344820 207293 344554 344555 344556 344557 84 344596 344661 1469 344728 344729 154295 344796 344811 344819 344832 344833 91116 27686 344975 11751 149056 11880 455399 1724 454499 454501 454502 454615 454616 
492210 10336 491728 90388 491866 492050 221719 492084 492148 17036 492209 493009 492224 492225 492234 492282 68457 492436 492437 2975 490321 152559 492538 492539 492540 492541 492573 492574 492575 13347 413539 492051 492698 492699 492700 492701 492702 427180 25801 492757 492759 124141 492789 492827 492828 492829 492758 492914 492975 493030 493111 253510 493189 286327 492149 198397 12067 492915 63472 
90117 16409 90213 133 26918 27007 27008 16790 426523 350953 351055 351056 351057 101224 82859 23746 345349 
256542 256543 
