1702	1704	1706	1708	1858	1710	1715	1851	1718	1854	1743	1877	1872	1739	1732	1861	1863	1749	1898	1897	1890	1713	1889	1887	1883	
1753	1650	1709	1521	1668	1852	1745	1746	
1700	1560	1555	1551	1552	1707	1558	1727	1731	1580	1572	1594	1744	1570	1579	1567	1562	1564	1712	1685	1574	
1922	1824	
1779	1675	1673	1698	1666	1665	1664	1663	1661	1656	1908	1682	1674	1912	1670	1696	1697	1695	1684	1688	1681	1680	1687	1765	
1835	1821	1857	1847	1895	1818	1885	1866	1803	
1789	1783	1778	1799	1798	1792	1790	1796	1787	1711	1775	1774	1770	1772	1759	1757	1752	1768	1760	1761	1766	1767	1764	
1780	1782	1833	1838	1795	1820	1822	1859	1741	1719	1843	1720	1909	1738	1737	1748	1722	1723	1801	1800	1714	1809	1763	
1468	1461	1493	1495	1498	1483	1520	1522	1451	1502	1501	1457	1452	1453	1516	1458	1459	1637	1751	1479	1477	
1546	1545	1837	1548	1549	1797	1705	1533	1532	1730	1503	1500	
1465	1441	1482	1480	1489	1750	1437	1434	1435	1431	1439	1471	1427	1426	1429	1428	1585	1592	1443	1563	1475	1578	
1613	1649	1641	1643	1648	1906	1907	1902	1647	1911	1913	1917	1916	1625	1628	1616	1617	1609	1919	1603	1604	1606	
