1702	1704	1706	1708	1713	1710	1851	1718	1854	1855	1739	1877	1872	1732	1861	1863	1749	1743	1898	1897	1890	1858	1889	1887	1883	
1668	1709	1521	1653	1650	1745	1746	1753	
1700	1555	1551	1552	1707	1558	1594	1567	1712	1727	1731	1570	1580	1735	1579	1560	1562	1572	1685	1574	
1824	
1779	1656	1675	1670	1673	1666	1665	1663	1661	1920	1664	1908	1682	1674	1912	1696	1697	1695	1698	1684	1681	1680	1687	1688	1765	
1836	1821	1819	1857	1831	1835	1847	1888	1630	1632	1865	1866	1895	1892	1818	1885	1880	1807	1805	1803	1802	1601	
1789	1783	1787	1775	1772	1778	1798	1792	1790	1796	1757	1711	1774	1770	1759	1752	1761	1768	1760	1766	1767	1764	
1780	1782	1833	1838	1795	1820	1822	1748	1714	1719	1741	1843	1723	1720	1909	1738	1737	1763	1722	1859	1801	1800	1809	
1468	1493	1495	1498	1751	1520	1522	1451	1479	1502	1501	1483	1457	1452	1453	1516	1458	1459	1637	1461	1477	
1545	1837	1548	1549	1797	1705	1524	1525	1528	1546	1533	1532	1730	1539	1538	1503	1500	1504	1519	1815	1618	
1465	1441	1482	1480	1486	1489	1592	1437	1434	1435	1430	1431	1439	1471	1427	1426	1429	1428	1585	1443	1563	1578	1475	
1902	1911	1916	1625	1613	1628	1648	1616	1604	1606	
