1702	1704	1706	1708	1713	1710	1715	1851	1718	1854	1855	1739	1877	1872	1732	1861	1863	1749	1743	1898	1897	1890	1858	1889	1887	1883	
1709	1852	1521	1653	1650	1668	1745	1746	1753	
1564	1551	1555	1700	1552	1707	1579	1558	1712	1727	1731	1580	1572	1744	1560	1567	1562	1570	1594	1685	1574	
1922	1910	1824	
1779	1674	1675	1670	1673	1666	1665	1664	1663	1661	1920	1656	1908	1682	1912	1696	1697	1695	1698	1681	1680	1684	1687	1688	1765	
1836	1835	1821	1819	1857	1831	1630	1632	1847	1805	1865	1895	1818	1888	1885	1880	1807	1866	1803	1802	1601	
1789	1783	1761	1787	1775	1770	1778	1799	1798	1792	1790	1796	1757	1711	1774	1759	1752	1768	1760	1766	1767	1764	
1780	1782	1833	1838	1719	1795	1800	1820	1822	1714	1741	1843	1723	1720	1909	1738	1737	1763	1748	1722	1859	1801	1809	
1468	1493	1495	1498	1751	1520	1522	1451	1479	1637	1502	1501	1477	1483	1461	1457	1452	1453	1516	1458	1459	
1545	1548	1549	1797	1705	1524	1525	1837	1546	1533	1532	1539	1538	1730	1503	1500	1504	1519	1815	1618	1528	
1441	1482	1480	1486	1489	1434	1437	1435	1431	1439	1428	1471	1427	1426	1429	1585	1465	1592	1443	1563	1750	1578	1475	
1647	1641	1643	1649	1906	1907	1902	1609	1911	1913	1917	1916	1625	1628	1648	1616	1617	1613	1919	1603	1604	1606	
