1704	1702	1706	1708	1739	1713	1710	1851	1718	1854	1855	1749	1743	1877	1872	1732	1863	1898	1897	1890	1858	1889	1887	1883	1861	
1753	1709	1852	1521	1653	1650	1668	1745	1746	
1551	1700	1552	1555	1707	1558	1579	1727	1731	1580	1735	1572	1594	1570	1560	1562	1564	1567	1712	1685	1574	
1824	1922	
1765	1779	1695	1675	1673	1912	1666	1665	1664	1663	1661	1656	1908	1682	1674	1684	1920	1670	1696	1697	1698	1688	1681	1680	1687	
1831	1836	1821	1857	1835	1847	1630	1632	1807	1805	1865	1895	1892	1818	1819	1888	1885	1880	1866	1803	1802	1601	
1789	1783	1775	1774	1770	1772	1778	1798	1792	1757	1787	1711	1759	1752	1796	1768	1760	1761	1766	1767	1764	
1780	1782	1722	1838	1719	1795	1820	1822	1859	1741	1833	1843	1723	1720	1909	1738	1737	1748	1801	1800	1714	1809	1763	
1468	1461	1511	1493	1495	1498	1483	1520	1522	1502	1501	1457	1451	1452	1453	1516	1458	1459	1479	1477	
1548	1549	1797	1705	1524	1525	1546	1545	1837	1533	1532	1730	1539	1538	1503	1500	1504	1519	1815	1618	1528	
1465	1441	1482	1480	1486	1489	1437	1434	1435	1431	1439	1427	1426	1429	1428	1585	1592	1430	1578	1443	1563	1471	1475	
1613	1641	1643	1906	1907	1902	1919	1911	1913	1917	1916	1625	1628	1649	1648	1616	1617	1609	1603	1604	1606	
