1704	1702	1706	1708	1858	1710	1851	1718	1854	1855	1877	1872	1739	1732	1861	1863	1749	1743	1898	1897	1890	1713	1889	1887	1883	
1753	1709	1521	1653	1650	1668	1745	1746	1852	
1700	1551	1552	1555	1707	1558	1727	1731	1580	1735	1560	1562	1564	1567	1712	1570	1579	1685	1572	1594	1574	
1922	1824	
1779	1675	1670	1673	1656	1666	1665	1664	1663	1661	1920	1908	1674	1912	1696	1697	1695	1698	1688	1681	1680	1682	1684	1687	1765	
1836	1835	1821	1857	1831	1847	1888	1630	1632	1865	1866	1895	1892	1818	1819	1885	1880	1807	1805	1803	1802	1601	
1789	1761	1778	1798	1759	1792	1790	1796	1757	1787	1768	1711	1775	1774	1772	1770	1783	1752	1767	1764	1760	1766	
1780	1782	1722	1833	1838	1795	1820	1822	1859	1719	1843	1723	1720	1909	1738	1737	1763	1748	1741	1801	1800	1714	1809	
1468	1493	1495	1498	1751	1459	1520	1522	1451	1479	1637	1502	1501	1477	1483	1461	1457	1452	1453	1516	1458	
1546	1545	1837	1548	1549	1797	1705	1524	1525	1528	1533	1532	1539	1538	1730	1503	1500	1504	1519	1815	1618	
1592	1465	1578	1482	1480	1486	1489	1437	1434	1435	1430	1431	1439	1471	1427	1426	1429	1585	1443	1441	1563	1475	
1613	1641	1906	1907	1902	1609	1911	1913	1917	1916	1643	1625	1628	1648	1616	1617	1649	1919	1603	1604	1606	
