95 311
95 311
95 311
95 311
95 311
95 311
120 196
95 311
95 311
95 311
95 311
95 311
95 311
95 311
95 311
95 311
95 311
95 311
95 311
95 311
95 311
119 448
95 311
95 311
95 311
95 311
95 311
95 311
95 311
95 311
95 311
95 311
95 311
119 448
95 311
95 311
95 311
95 311
95 311
95 311
95 311
95 311
95 311
95 311
95 311
95 311
95 311
95 311
119 448
95 311
119 448
95 311
95 311
119 448
95 311
95 311
95 311
95 311
95 311
119 448
95 311
95 311
95 311
95 311
95 311
95 311
95 311
119 762
119 762
119 762
119 762
95 311
95 311
95 311
95 311
95 311
95 311
95 311
95 311
95 311
95 311
95 311
95 311
95 311
95 311
131 778
95 311
95 311
335 762
335 762
63 481
63 481
131 751
79 222
762 771
80 826
79 826
271 481
762 771
762 771
494 765
762 771
335 771
196 311
196 311
196 311
196 311
63 481
63 481
63 481
335 771
762 771
63 481
63 481
196 223
63 481
196 311
196 223
63 481
196 311
63 481
63 481
63 481
63 481
63 481
63 481
196 311
63 481
63 481
196 223
196 311
63 481
223 311
63 481
196 311
63 481
63 481
63 481
196 311
63 481
265 751
63 481
265 751
63 481
265 751
63 481
265 751
63 481
63 481
196 223
196 223
63 481
196 223
63 481
196 223
63 481
196 223
63 481
196 223
63 481
56 265
265 751
196 223
63 481
196 223
63 481
196 223
63 481
196 223
63 481
196 223
63 481
196 223
63 481
751 778
63 481
63 481
63 481
56 205
95 223
63 481
56 205
63 481
56 205
265 751
271 601
153 492
56 205
271 601
63 481
56 819
210 826
17 496
265 751
63 481
63 481
265 751
63 481
120 267
265 751
63 481
448 939
63 481
56 819
63 481
80 153
63 481
209 210
39 79
63 481
63 481
63 481
153 271
56 819
56 819
196 223
63 481
63 481
56 205
56 205
56 819
196 223
63 481
196 223
56 819
196 223
63 481
196 223
63 481
196 223
63 481
196 223
63 481
196 223
63 481
196 223
63 481
196 223
63 481
63 481
63 481
63 116
194 311
63 116
63 116
120 205
63 116
63 116
63 481
120 494
63 116
56 786
63 116
56 786
120 494
63 481
63 116
63 481
63 116
63 481
63 116
63 481
120 494
63 116
63 481
120 494
63 116
63 481
120 494
63 116
196 222
63 481
63 116
120 494
196 222
120 494
120 494
63 116
120 494
120 494
63 481
120 494
63 116
63 481
120 494
63 116
63 481
123 253
120 494
63 116
63 481
63 116
63 481
63 116
63 116
63 481
63 116
63 481
63 116
63 481
120 494
63 116
63 481
80 311
120 494
63 116
63 481
120 494
63 116
63 481
271 492
120 494
63 116
63 481
153 271
120 494
63 116
63 481
120 494
63 116
120 494
63 116
63 481
120 494
63 116
222 223
120 494
63 116
63 481
153 271
120 494
222 311
120 494
222 311
116 222
95 194
119 448
95 194
119 448
95 194
222 431
119 448
63 481
95 194
119 448
335 762
63 481
63 481
63 481
63 481
335 762
63 481
63 481
56 819
63 481
56 194
56 819
63 481
56 194
63 481
63 481
63 481
63 481
265 751
95 253
123 172
123 172
335 762
63 499
335 762
63 499
335 762
63 499
335 762
335 762
102 335
265 335
335 762
102 335
153 492
153 492
153 492
335 762
118 804
194 311
80 335
80 335
265 826
751 804
751 804
751 804
751 804
751 804
265 826
751 804
268 804
751 804
268 804
751 804
268 804
751 804
268 751
335 762
335 762
154 285
268 751
335 771
267 939
311 496
335 771
275 335
275 335
275 335
311 496
275 335
311 496
311 496
311 496
311 496
762 771
311 496
771 784
762 784
311 496
311 496
311 496
311 496
311 496
153 492
762 784
311 496
311 496
311 496
311 496
265 804
335 762
335 762
804 938
804 938
804 938
804 938
804 938
311 496
311 496
804 938
311 496
804 938
311 496
311 496
311 496
80 771
804 938
311 496
311 496
222 826
311 496
154 499
120 494
154 499
120 494
222 826
95 265
95 265
95 265
120 819
153 271
172 196
153 271
153 271
120 819
153 271
120 819
153 271
63 481
153 271
63 481
153 271
153 271
153 271
804 938
153 271
185 265
185 265
63 481
63 481
120 819
120 819
120 819
120 819
120 819
35 845
153 271
120 819
153 271
265 826
63 481
153 154
63 481
120 819
240 938
240 938
102 762
172 196
17 875
120 172
120 172
17 335
17 335
17 335
17 335
172 196
17 335
172 196
17 335
48 875
17 335
17 335
194 311
17 762
17 762
194 311
194 311
194 311
194 311
194 311
194 311
194 311
194 311
120 494
205 311
240 938
311 819
153 271
240 938
205 819
311 496
95 496
205 819
95 223
95 223
223 819
223 819
223 819
223 496
223 819
153 271
223 819
223 496
223 819
223 819
223 819
223 496
223 819
223 496
150 481
223 819
223 819
223 819
223 496
311 496
223 496
223 496
223 496
153 271
223 496
223 496
223 496
153 492
223 819
223 496
153 492
223 496
223 496
223 819
223 496
223 819
223 496
223 819
223 496
223 819
223 819
223 819
223 496
223 819
223 496
223 819
223 496
120 494
223 496
223 819
496 819
120 494
496 819
496 819
223 496
223 496
153 271
153 271
153 271
153 271
153 271
153 271
153 271
153 271
153 271
153 271
153 271
153 271
268 845
153 271
153 271
153 271
153 271
153 271
153 271
118 209
265 826
153 271
265 826
265 826
265 826
265 826
265 826
265 826
265 826
265 826
265 826
265 826
153 271
153 271
153 271
131 826
265 826
131 826
153 271
153 271
153 271
153 271
153 271
153 271
153 271
153 271
153 271
153 271
35 826
153 987
271 492
153 271
153 271
153 271
15 223
153 271
15 223
15 223
15 223
153 271
15 223
15 223
153 271
153 271
153 271
194 311
153 271
153 271
153 271
153 271
194 242
153 271
153 271
153 271
153 271
153 271
153 271
153 271
153 271
153 271
153 271
153 271
153 271
153 271
153 271
153 271
194 311
153 271
153 271
194 311
153 271
153 271
15 95
153 271
15 95
153 271
15 95
153 271
15 95
15 95
15 95
153 271
15 95
15 95
15 95
15 95
15 95
153 271
63 481
153 271
153 271
153 271
63 481
63 481
153 271
153 271
153 271
153 271
153 271
153 271
153 271
153 271
153 271
153 271
153 271
153 271
153 271
153 271
153 271
153 271
751 778
17 335
154 271
153 271
154 271
153 154
153 154
153 499
120 196
154 271
153 499
153 154
154 271
153 154
154 271
154 271
153 154
153 154
153 154
154 492
123 253
123 253
123 253
242 311
154 492
123 253
154 492
154 492
154 492
154 492
242 311
153 154
154 492
153 154
153 154
153 154
153 154
275 285
79 285
120 494
120 494
448 533
448 533
119 533
119 448
119 533
119 448
119 448
448 533
448 533
271 533
271 533
39 113
39 113
29 120
79 123
79 123
211 778
79 123
273 778
79 123
79 123
268 778
79 123
79 123
79 123
79 123
79 123
79 123
79 123
778 804
79 123
778 804
79 123
79 123
79 123
39 113
39 113
79 123
113 120
29 39
39 113
79 123
39 113
79 123
273 778
273 778
29 120
79 123
273 778
29 120
29 120
39 113
39 113
39 113
120 494
39 113
39 113
39 113
39 113
265 826
39 113
211 265
184 265
120 196
29 662
120 172
29 662
120 172
29 662
29 662
29 662
481 709
268 778
778 826
50 826
131 184
50 771
50 335
150 209
50 335
184 268
150 709
50 771
118 268
184 804
184 804
268 804
184 268
209 804
184 845
184 268
184 268
184 268
184 268
184 268
118 184
275 845
184 268
275 845
275 804
184 268
184 268
211 778
184 268
184 268
184 268
118 184
184 268
275 845
275 804
492 601
492 601
492 601
50 771
492 601
492 601
118 184
275 804
153 709
275 804
804 845
275 804
153 448
804 845
211 778
275 804
211 778
205 223
275 804
211 778
205 223
211 778
268 804
211 778
211 778
205 223
211 778
211 778
211 778
211 778
211 778
118 184
211 778
118 184
211 778
211 778
211 778
205 223
211 778
118 184
118 184
211 778
118 184
211 778
211 778
211 778
211 778
211 778
205 223
211 778
211 778
211 778
205 223
211 778
211 778
211 778
15 123
15 123
275 804
211 222
751 778
273 778
751 778
275 845
273 778
273 778
17 101
17 101
153 492
15 123
275 804
275 804
265 826
265 826
265 826
804 845
116 211
118 184
116 211
118 184
273 778
273 778
804 845
804 845
116 265
804 845
120 172
15 123
15 123
118 184
15 123
273 778
184 268
275 845
275 804
184 804
118 804
184 268
184 268
15 123
15 123
15 123
15 123
15 123
273 778
15 123
35 804
184 268
273 778
751 778
17 50
105 113
105 113
105 113
39 79
105 113
211 778
105 113
105 113
105 113
95 116
105 113
105 113
21 101
116 778
105 113
105 113
105 113
105 113
105 113
105 113
105 113
105 113
105 113
153 492
105 113
105 113
105 113
105 113
105 113
105 113
105 113
105 113
105 113
105 113
105 113
105 113
105 113
105 113
105 113
105 113
105 113
105 113
105 113
105 113
105 113
105 113
105 113
105 113
105 113
105 113
105 113
105 113
15 123
804 845
778 845
804 845
804 845
105 113
804 845
105 113
105 113
105 113
105 113
105 113
105 113
120 172
120 172
120 172
120 172
778 845
120 172
105 113
120 172
105 113
105 113
105 113
105 113
105 113
105 113
105 113
105 113
105 113
105 113
105 113
778 845
105 113
105 113
184 751
105 113
105 113
105 113
105 113
105 113
105 113
105 113
184 751
105 113
21 101
105 113
105 113
21 101
105 113
105 113
184 751
63 709
205 939
184 751
205 939
205 939
184 751
184 751
184 751
205 939
184 751
205 939
184 751
205 939
184 751
105 113
205 939
184 751
105 113
105 113
105 113
105 113
105 113
105 113
105 113
778 845
120 172
105 113
105 113
105 113
105 113
120 172
105 113
105 113
172 196
172 196
105 113
105 113
265 826
105 113
105 113
778 845
105 113
105 113
105 113
105 113
105 113
63 481
105 113
222 267
153 448
105 113
105 113
105 113
105 113
105 113
105 113
63 709
63 709
63 481
150 153
153 601
17 50
17 50
17 50
179 335
50 209
50 209
50 209
17 209
21 80
311 662
80 662
311 662
496 662
335 771
335 771
335 771
335 771
80 311
335 771
311 662
335 771
335 771
335 771
335 771
335 771
63 499
63 481
63 709
481 709
79 804
63 481
63 709
63 481
63 709
481 709
63 709
63 709
265 826
184 265
63 709
265 804
63 709
79 222
79 222
79 222
79 222
63 481
79 222
79 222
79 222
79 222
63 709
153 492
153 492
153 492
63 709
63 709
63 709
63 709
63 481
63 709
63 481
63 481
29 95
29 95
50 265
21 101
21 101
21 101
21 179
63 709
153 492
63 481
265 751
63 481
63 481
63 709
63 709
335 771
662 826
311 826
662 771
662 751
311 771
311 335
101 662
335 771
265 751
751 826
209 751
118 209
63 709
21 101
222 601
222 601
63 709
222 601
63 481
63 481
63 481
119 335
119 335
119 335
119 335
119 335
63 116
63 116
63 116
63 116
63 481
63 709
481 709
63 116
63 481
63 709
63 116
63 116
116 709
63 116
116 709
63 709
63 116
63 709
223 496
63 116
63 709
63 709
63 709
63 116
63 709
116 709
63 116
63 709
63 709
63 709
63 709
63 709
63 116
265 751
63 709
179 875
179 875
17 771
116 211
116 211
116 211
116 265
116 211
63 116
311 662
481 709
63 709
481 709
63 709
63 116
63 709
116 709
481 709
63 481
29 95
63 709
63 481
63 709
29 95
29 222
63 709
481 499
79 222
153 492
79 222
153 492
153 492
153 492
21 101
63 709
153 492
153 492
63 709
63 709
448 492
63 154
63 154
153 492
492 499
153 481
63 153
481 709
153 492
153 492
153 492
29 39
29 39
29 39
29 39
153 492
153 492
153 492
63 153
29 39
29 39
29 39
63 154
29 39
29 39
29 39
29 39
29 39
63 601
63 601
29 39
63 150
63 601
29 39
29 39
15 223
29 39
29 39
153 492
29 39
153 492
17 771
153 492
153 492
153 492
153 492
153 492
153 492
153 492
153 492
153 492
153 492
153 492
29 39
153 492
265 875
29 39
153 709
153 709
29 39
153 709
153 709
265 826
29 39
29 39
153 709
153 709
63 481
63 481
63 481
153 492
63 481
63 481
153 492
153 492
275 804
153 492
116 709
153 492
153 492
275 804