29 120
29 120
29 120
150 499
150 533
150 533
150 533
150 533
150 533
150 533
120 662
122 271
150 533
150 533
154 271
102 448
154 271
150 533
271 601
150 533
150 533
150 533
120 779
150 533
271 601
120 779
150 533
271 601
120 779
150 533
271 601
271 601
271 601
150 533
150 533
150 533
150 533
150 533
150 533
150 533
150 533
153 492
153 492
153 492
56 132
194 939
122 154
122 154
122 154
120 194
122 154
29 194
122 154
131 255
271 448
271 448
150 533
268 751
131 255
194 765
268 751
150 533
150 533
268 751
150 533
268 751
150 533
122 255
779 939
150 533
150 533
268 751
150 533
211 267
122 255
268 751
122 255
150 533
29 267
29 122
150 533
150 533
150 533
150 533
150 533
150 533
268 751
150 533
150 533
150 533
154 499
150 533
150 533
268 751
150 533
268 751
268 751
268 751
150 533
268 751
150 533
268 751
150 533
150 533
268 751
150 533
63 481
150 533
150 533
29 513
150 533
268 751
150 533
150 533
268 751
150 533
150 533
481 709
194 765
194 765
481 709
194 765
481 709
194 765
150 533
150 533
150 533
150 533
150 533
150 533
153 271
150 533
150 533
150 533
150 533
134 875
134 875
63 481
150 533
134 875
134 875
134 875
134 875
134 875
17 875
63 481
63 481
63 481
63 481
63 481
63 533
63 499
153 154
154 499
150 533
494 786
154 499
194 311
194 765
154 499
154 499
496 786
154 499
101 511
268 751
101 511
101 511
101 511
101 511
268 751
481 709
101 511
63 481
63 481
101 511
101 511
15 123
101 511
63 481
63 481
15 123
101 511
15 253
15 123
101 511
63 481
101 511
15 253
15 253
101 511
15 253
101 511
122 154
15 253
101 511
15 253
101 511
15 253
15 253
101 511
102 335
101 511
222 267
222 267
268 751
101 511
15 253
268 751
101 511
222 267
150 154
63 481
268 751
101 511
123 253
101 511
63 481
101 511
150 533
222 267
101 511
150 533
101 511
150 533
101 511
150 533
101 511
268 751
101 511
222 267
222 267
268 751
481 709
268 751
101 511
101 511
481 709
533 709
63 533
268 751
222 267
222 267
63 213
101 511
15 253
122 533
63 213
268 751
268 751
63 709
101 511
101 511
63 709
101 511
101 511
154 499
154 499
101 511
154 499
101 511
154 499
273 826
154 499
101 511
268 751
101 511
101 511
101 511
101 511
222 267
101 511
35 265
150 533
101 511
35 265
101 511
35 265
35 265
101 511
268 751
101 511
268 751
101 511
101 511
101 511
35 265
101 511
63 481
63 709
101 511
101 511
63 709
101 511
63 709
268 751
15 253
268 751
63 481
268 751
268 751
268 751
271 499
35 265
268 751
15 253
271 499
268 751
101 511
35 265
268 751
35 265
63 709
35 265
268 751
35 265
63 481
268 751
63 481
268 751
101 511
268 751
63 709
268 751
268 751
63 709
15 253
63 481
268 751
101 511
268 751
268 751
101 511
268 751
101 511
268 751
101 511
15 253
268 751
15 253
268 751
268 751
268 751
101 511
63 709
268 751
101 511
268 751
101 511
268 751
101 511
268 751
63 709
268 751
63 709
268 751
101 511
101 511
271 709
101 511
271 709
56 154
101 511
56 939
271 709
56 939
271 709
101 511
56 939
101 511
101 511
15 253
101 511
271 709
271 709
123 253
101 511
271 709
271 709
271 709
101 511
271 709
63 779
63 154
271 481
271 481
101 511
154 271
50 875
50 875
50 875
50 875
63 481
268 751
50 875
268 751
50 875
268 751
268 751
268 751
63 481
268 751
268 751
63 481
268 751
63 481
63 481
63 481
29 513
268 751
268 751
268 751
268 751
123 253
63 154
21 804
481 709
481 709
63 481
63 481
56 939
481 709
56 102
153 271
56 939
153 154
153 271
153 271
15 253
153 271
153 271
102 804
153 271
153 271
102 804
15 253
102 804
56 939
102 804
102 804
15 253
153 271
56 939
15 253
153 271
15 253
153 271
153 271
15 253
153 271
153 271
15 253
153 271
15 253
153 271
15 253
153 271
15 253
153 271
15 253
15 253
153 271
15 253
15 253
102 804
123 253
102 804
102 804
102 804
102 804
63 481
222 267
150 709
150 709
222 267
63 765
63 481
15 253
113 513
15 253
63 481
15 95
15 95
15 95
15 95
150 153
15 95
15 95
56 431
15 95
15 95
15 95
15 95
15 95
15 95
101 511
15 95
15 95
50 102
50 102
15 95
15 95
15 95
56 431
15 95
56 431
15 95
50 102
15 95
15 95
63 481
15 95
15 95
15 95
271 499
56 939
56 939
15 95
50 102
63 481
15 95
50 102
15 95
50 102
15 95
15 95
50 102
105 513
15 95
105 513
15 95
56 939
15 95
56 939
15 95
56 939
15 95
56 939
56 939
56 939
56 939
56 431
56 939
56 939
63 533
56 939
63 533
105 113
63 533
496 786
15 95
496 786
63 533
154 271
102 804
102 804
29 95
56 939
29 95
29 95
29 95
29 95
29 95
102 804
29 95
29 95
29 95
95 194
265 751
95 194
265 751
265 751
105 113
63 154
150 154
63 150
63 154
150 709
63 271
63 154
222 267
63 271
150 709
150 709
150 709
150 709
150 709
150 709
153 271
150 709
150 709
150 709
150 709
222 267
102 804
102 804
268 778
268 778
35 778
102 804
102 804
102 804
209 275
255 511
80 255
311 496
311 496
431 938
431 938
79 253
131 804
494 765
751 778
494 765
494 765
131 804
131 804
131 804
50 804
102 804
131 804
102 804
102 804
50 102
102 804
50 804
50 804
102 804
50 804
50 102
131 804
50 131
102 131
131 804
265 804
265 804
265 804
265 804
265 804
265 804
265 804
265 804
265 804
265 804
184 826
265 751
196 826
184 826
184 265
265 751
265 751
194 779
265 751
265 779
194 265
265 751
265 751
50 804
311 496
311 496
311 496
311 496
17 209
222 496
48 431
222 496
134 804
17 48
17 48
311 496
311 496
134 804
222 496
311 496
222 496
222 496
311 496
222 496
222 496
222 496
222 496
222 496
222 496
50 804
50 804
267 311
134 804
50 804
179 804
123 804
222 496
134 179
17 134
48 134
222 496
134 179
48 134
17 134
17 50
48 50
17 134
194 311
153 492
222 496
153 492
153 492
153 492
153 492
153 492
153 492
153 492
134 431
134 431
134 431
134 431
134 431
134 431
153 492
153 492
134 431
153 492
134 431
153 492
134 431
134 431
153 492
134 431
153 492
194 311
153 492
265 751
153 492
265 751
153 492
153 492
153 492
29 311
194 311
271 765
131 826
154 271
29 311
63 481
265 826
63 481
63 481
63 481
63 481
63 481
63 709
63 709
63 709
63 709
63 709
63 709
153 271
271 709
271 709
271 709
153 271
79 123
271 709
271 709
194 311
63 271
194 311
194 311
265 826
153 271
194 311
481 709
271 499
271 448
194 311
271 601
271 601
271 601
271 601
271 601
271 601
271 601
271 601
335 762
271 601
335 762
153 271
153 271
271 499
95 253
63 153
63 153
63 153
29 779
29 779
29 779
29 779
29 779
29 779
29 779
29 779
29 779
29 779
29 779
29 779
29 779
29 779
29 779
29 779
29 779
29 779
150 271
29 779
29 779
29 779
29 779
255 273
255 273
255 273
120 196
120 196
101 431
101 431
275 804
184 268
184 268
184 268
184 268
184 268
222 765
122 271
184 268
184 268
150 709
63 481
150 709
150 709
271 709
153 709
271 709
102 875
481 709
63 709
63 709
194 765
17 875
194 765
194 765
153 492
122 154
153 492
122 154
122 154
153 492
153 492
153 492
194 765
153 492
194 765
273 826
194 765
194 765
194 765
194 765
273 826
211 762
255 273
211 762
255 273
255 273
255 273
122 154
122 154
205 267
63 481
122 271
122 271
150 271
150 709
122 709
122 271
150 271
150 271
122 271
150 271
122 271
122 271
153 271
122 153
153 271
17 50
95 267
63 709
150 153
95 267
63 709
63 481
95 267
63 709
63 709
63 709
63 709
63 709
63 709
255 273
153 271
63 709
63 709
153 271
153 271
153 271
150 153
184 268
153 271
153 271
153 271
153 271
122 153
153 271
153 271
122 153
153 271
153 271
35 826
153 271
153 271
153 271
153 271
194 311
194 311
153 271
153 271
153 271
194 311
265 826
153 271
267 496
265 826
265 826
153 271
265 826
153 271
153 271
267 496
267 496
153 271
153 271
153 271
153 271
153 271
153 271
153 271
153 271
153 271
153 271
153 271
153 271
194 765
194 765
153 271
194 765
153 271
194 765
194 765
194 765
194 765
63 154
268 804
194 765
154 481
255 268
153 271
255 268
153 271
255 268
153 271
255 268
153 271
255 268
153 271
153 271
154 481
153 271
153 271
153 271
48 209
63 154
63 154
63 154
63 154
63 154
48 209
63 154
63 153
150 153
48 209
150 271
153 271
48 209
48 209
153 271
255 273
265 826
265 826
265 826
265 826
255 273
255 273
255 273
255 273
255 273
255 273
255 826
255 273
265 826
268 273
268 273
268 273
268 273
122 154
153 603
194 311
194 311
122 154
101 134
131 255
273 778
273 778
17 102
273 778
101 102
17 102
273 778
102 335
273 778
273 778
273 778
273 778
273 778
17 335
273 778
255 273
273 778
273 778
273 778
273 778
273 778
273 778
273 778
273 778
273 778
273 778
273 778
273 778
273 778
222 267
273 778
273 778
273 778
273 778
273 778
273 778
273 778
751 778
751 778
751 778
194 311
751 778
751 778
35 778
63 122
63 122
63 481
194 311
95 603
95 603
265 826
95 603
79 804
95 603
95 603
95 603
265 826
95 603
222 267
265 826
222 267
265 826
50 134
50 134
268 778
268 778
268 778
268 778
268 778
268 778
268 778
268 778
268 778
268 778
268 778
268 778
268 778
268 778
119 804
80 211
79 123
255 273
122 154
265 826
79 123
804 875
265 826
79 123
804 875
79 123
17 335
123 273
101 875
17 875
79 123
80 875
79 123
17 875
101 875
101 875
101 875
101 875
17 804
122 533
101 875
17 804
122 533
101 875
122 533
101 875
101 875
101 875
101 875
101 875
101 875
335 875
784 804
17 804
804 875
101 209
122 533
335 804
804 875
122 533
153 271
804 875
784 804
153 271
804 875
153 271
101 804
17 804
804 875
153 271
150 154
804 875
153 271
17 804
150 154
153 271
481 751
804 875
17 804
39 113
150 154
153 271
17 804
39 113
481 751
804 875
113 172
120 172
150 154
153 271
17 804
804 875
39 113
784 804
153 271
17 804
39 113
17 804
153 271
804 875
153 271
804 875
153 271
804 875
153 271
50 804
172 196
804 875
172 196
17 804
804 875
804 875
118 804
50 804
804 875
118 804
48 804
804 875
17 804
17 804
48 804
179 804
511 804
804 875
48 804
118 804
804 875
118 804
804 875
511 804
804 875
804 875
17 804
118 804
17 335
150 533
63 709
153 271
153 271
17 48
153 271
17 48
153 271
153 271
153 271
153 271
17 335
153 271
17 48
153 271
17 875
153 271
50 784
153 271
50 784
153 271
153 271
205 267
205 267
50 875
17 875
273 826
39 267
255 511
153 271
273 826
153 271
273 826
153 271
50 875
273 826
50 875
50 875
39 113
50 875
150 709
153 271
39 113
255 826
150 709
153 271
153 271
39 113
205 267
39 113
255 273
153 271
153 271
102 875
255 273
153 271
153 271
153 271
153 271
153 271
153 271
153 271
153 271
153 271
29 113
153 271
63 481
153 271
63 481
153 271
29 113
153 271
153 271
63 481
113 496
153 271
153 271
153 271
153 271
223 311
153 271
153 271
153 271
153 271
50 102
153 271
153 271
153 271
153 271
153 271
153 271
153 271
153 271
153 271
153 271
153 271
153 271
153 271
153 271
50 102
153 271
153 271
153 271
153 271
153 271
153 271
153 271
153 271
153 271
153 271
255 268
153 271
153 271
153 271
153 271
50 102
50 102
50 311
50 311
50 311
50 311
50 311
50 311
50 311
50 311
50 311
50 311
50 311
50 311
50 311
50 311
50 311
50 311
50 311
50 311
50 311
50 311
50 311
50 311
50 311
21 875
50 311
50 311
50 311
50 311
50 311
50 311
50 311
29 222
50 311
50 311
50 311
50 311
50 311
50 311
50 311
39 662
50 311
50 311
50 311
50 311
50 311
50 311
50 311
63 122
50 311
50 311
255 268
50 311
50 311
153 271
255 268
153 271
50 311
50 311
153 271
50 311
50 311
153 271
50 311
50 311
255 268
50 311
255 268
50 311
123 184
211 273
50 311
123 184
63 709
50 311
184 253
50 311
50 311
50 311
50 311
50 311
184 253
153 271
273 778
50 311
184 253
50 311
184 253
273 778
153 271
50 311
184 253
273 778
153 271
153 271
273 778
50 311
184 253
50 311
184 253
50 311
153 271
273 778
50 311
184 253
153 271
273 778
50 311
184 253
184 253
273 778
153 271
153 271
153 271
255 268
153 271
273 778
153 271
153 271
273 778
153 271
273 778
153 271
273 778
153 271
153 271
153 271
273 778
50 311
273 778
273 778
273 778
153 271
153 271
273 778
273 778
153 271
273 778
255 268
153 271
255 268
153 271
123 184
153 271
255 268
123 253
50 311
153 271
50 311
153 271
153 271
153 271
255 268
273 778
63 709
511 762
273 778
63 709
273 778
63 709
273 778
63 533
273 778
63 709
273 778
63 709
273 778
63 709
63 709
268 273
273 778
63 481
63 481
153 271
63 481
35 268
63 481
153 271
153 271
63 481
153 271
63 481
153 271
153 271
63 481
153 271
63 481
153 271
63 481
153 271
63 481
50 875
63 481
63 481
63 481
50 275
63 709
63 709
63 709
63 709
63 709
63 709
123 253
184 273
265 743
265 743
265 743
265 743
265 743
265 743
265 743
63 709
265 743
265 743
265 743
265 743