15 95
15 95
511 804
131 845
131 845
131 845
131 845
131 845
131 845
131 845
131 845
131 845
131 845
131 845
131 845
131 845
131 845
131 845
131 845
131 845
131 845
150 533
150 533
150 533
273 826
119 804
154 499
154 499
273 826
154 499
271 492
271 492
271 492
172 987
271 492
271 492
181 662
181 662
39 662
39 662
39 662
39 662
39 662
39 662
39 662
255 826
39 662
255 826
39 662
255 826
39 662
255 826
63 481
39 662
63 481
39 662
273 826
255 273
273 826
255 273
273 826
39 662
273 826
39 662
255 826
273 826
273 826
273 826
255 826
255 826
273 826
273 826
273 826
273 826
255 826
273 826
273 826
273 826
255 826
255 273
273 826
150 533
255 826
255 826
255 273
273 826
255 826
255 273
273 826
273 826
255 826
255 273
240 431
240 431
240 431
240 431
150 533
150 533
240 431
50 771
150 499
211 267
240 431
211 267
211 267
211 267
211 267
150 499
211 267
240 431
271 601
211 267
240 431
211 267
240 431
240 431
211 267
240 431
211 267
240 431
240 431
211 267
240 431
211 267
240 431
240 431
240 431
240 431
240 431
29 496
29 496
105 267
267 513
63 709
150 709
63 150
63 150
150 601
63 150
271 481
271 601
63 150
184 751
271 601
150 154
271 601
63 150
150 601
63 533
154 481
271 601
63 150
105 513
154 481
271 601
63 150
271 601
63 533
150 533
63 533
271 601
63 492
448 481
271 601
63 492
448 481
271 601
63 492
63 492
271 601
63 492
271 601
271 601
63 492
271 601
63 492
63 492
63 492
271 601
448 481
271 601
63 709
63 150
448 481
271 601
63 150
63 492
194 496
63 533
63 492
271 601
271 601
123 253
63 150
63 150
123 253
150 601
63 150
63 533
448 481
63 533
123 253
448 481
123 253
448 481
123 253
448 481
448 481
448 481
448 481
448 481
448 481
63 533
448 481
63 533
63 492
448 481
63 492
271 601
150 601
448 481
63 492
448 481
448 481
194 496
448 481
448 481
448 481
150 601
448 481
150 271
63 492
271 601
271 601
271 601
271 601
63 492
271 601
63 492
63 150
63 492
63 492
63 492
63 492
63 492
63 492
63 492
63 492
448 481
448 481
63 150
80 804
63 150
273 845
63 150
63 492
63 492
63 492
63 492
63 492
63 492
63 492
63 492
63 492
63 709
150 533
63 150
63 492
63 533
63 492
150 601
63 150
63 150
63 150
150 601
184 751
184 751
63 492
150 601
50 875
63 492
50 875
29 95
50 875
29 95
50 875
63 492
63 150
29 95
29 95
63 150
29 95
29 95
63 150
35 826
63 150
63 150
63 150
50 80
50 762
50 762
63 492
63 492
63 492
63 492
63 492
63 492
63 492
63 492
63 492
63 492
50 762
63 492
63 533
35 826
448 481
35 826
35 826
35 826
35 826
15 123
35 826
123 253
35 826
35 826
119 804
35 826
268 845
268 845
268 845
268 845
63 492
15 253
63 492
63 492
15 253
63 492
15 253
63 492
15 253
15 253
63 492
15 253
15 253
63 492
15 253
15 253
172 603
63 492
63 150
63 150
194 311
50 80
50 80
35 826
268 845
63 492
268 845
194 765
194 765
63 150
194 765
63 492
63 492
63 492
194 765
194 765
194 765
194 765
194 765
63 150
150 533
194 765
150 533
194 765
194 765
63 492
194 765
194 765
194 765
194 765
63 492
63 492
63 492
63 492
63 492
63 492
63 492
63 492
63 492
63 492
63 150
63 492
63 533
63 533
63 709
63 150
150 709
39 242
39 242
123 253
123 253
39 242
63 481
63 481
63 150
95 123
63 481
63 132
63 481
48 80
48 132
80 240
80 240
50 240
494 765
494 765
172 819
50 240
494 765
50 240
494 765
494 765
105 181
184 751
494 765
105 181
105 113
172 196
105 181
105 181
105 181
105 240
184 751
105 513
105 513
751 826
181 513
105 181
181 513
181 513
181 513
105 513
181 513
184 751
181 513
185 751
181 513
181 513
184 751
105 181
181 513
184 751
105 181
184 751
184 751
184 751
184 185
184 751
105 513
184 751
184 751
184 751
185 751
105 513
184 751
113 181
105 113
105 113
105 113
80 494
80 223
80 311
105 113
494 765
113 513
181 311
105 113
80 311
105 113
105 113
223 311
105 113
105 113
211 213
105 113
50 240
105 113
223 311
105 513
50 240
105 513
494 765
494 765
223 311
492 601
494 765
223 311
494 765
494 765
494 765
492 601
223 311
494 765
492 601
492 601
223 311
492 601
223 311
492 601
223 311
492 601
223 311
492 601
492 601
223 662
223 662
223 662
223 662
223 662
223 662
223 662
223 662
223 662
223 662
223 662
223 311
184 751
223 662
95 242
273 804
63 240
119 209
95 311
242 311
255 273
255 273
95 311
39 205
209 875
95 123
150 804
150 804
150 762
150 804
150 762
762 804
63 709
123 311
123 311
150 804
150 804
63 499
95 123
95 123
123 311
603 791
481 709
481 709
150 804
150 804
150 804
150 804
150 804
150 804
150 804
150 804
150 804
150 804
150 804
150 804
150 804
150 804
150 804
150 804
150 804
150 804
205 267
150 804
150 804
150 804
205 267
205 267
150 804
184 751
273 751
95 123
150 804
205 267
150 804
150 804
205 267
205 267
205 267
150 804
205 267
205 267
205 267
205 267
150 804
205 267
150 804
205 267
205 267
205 267
205 267
150 804
205 267
150 804
205 267
150 804
205 267
150 804
205 267
150 213
205 267
205 267
205 267
205 267
205 267
205 267
205 267
205 267
205 267
205 267
205 267
205 267
63 267
63 205
205 267
205 267
205 267
205 267
63 481
205 267
205 267
762 804
184 751
184 751
123 311
150 804
123 311
150 804
150 481
123 311
123 311
123 311
95 123
123 311
123 311
95 123
95 311
95 123
123 311
95 311
123 311
123 311
511 762
511 762
511 762
172 779
172 779
172 779
481 709
481 709
481 709
511 804
150 709
150 709
150 709
511 762
273 826
273 826
211 826
311 496
762 804
50 762
50 762
48 209
95 172
95 172
123 172
105 513
15 123
15 123
15 123
15 123
15 123
15 123
15 123
15 123
15 123