492 938
267 272
181 826
79 181
150 196
21 150
21 205
21 150
448 826
765 826
39 253
80 253
123 845
118 311
95 118
80 95
123 845
95 311
118 311
80 118
95 118
123 845
95 311
118 311
95 118
95 311
123 845
118 311
118 771
95 771
311 771
95 118
123 845
95 311
118 311
21 205
95 771
95 118
123 845
95 311
118 771
118 311
95 771
95 118
123 845
95 311
123 845
123 845
153 205
123 845
123 845
164 311
123 845
21 179
123 845
311 481
79 122
39 120
39 120
39 120
39 120
39 120
39 120
122 448
122 448
122 448
122 448
21 150
39 120
39 120
39 120
39 120
39 120
39 120
39 120
39 120
39 120
21 150
39 120
39 120
120 819
431 778
271 601
431 778
431 778
431 778
15 95
56 194
56 194
194 786
194 311
311 786
311 786
194 786
194 786
194 311
311 786
194 786
311 786
311 786
194 786
194 786
194 786
311 786
194 786
95 311
95 205
271 601
21 603
205 311
95 311
95 311
95 123
205 311
150 271
150 271
311 496
21 431
79 275
271 601
222 267
50 179
222 267
222 267
271 601
222 267
222 267
150 601
120 172
271 448
271 601
29 271
120 223
271 601
271 601
271 601
271 601
271 601
120 172
271 601
271 601
271 601
271 601
271 601
271 601
271 601
271 601
271 601
271 601
271 601
271 601
271 601
271 601
116 123
271 601
271 601
29 95
123 253
123 253
123 253
120 172
120 172
79 253
311 496
311 496
285 762
285 762
285 762
285 762
285 762
123 253
285 762
150 601
285 762
150 762
29 79
150 762
150 762
150 762
150 762
116 826
63 481
120 172
120 172
63 481
762 771
63 481
63 481
63 481
63 481
63 481
63 481
63 481
63 481
63 481
63 481
63 481
63 481
56 939
50 335
123 253
778 826
778 826
223 496
123 253
29 56
29 56
29 56
29 56
29 56
95 819
123 253
29 56
116 778
105 113
223 496
172 311
120 311
105 113
172 311
120 172
172 311
120 311
105 113
105 113
113 513
123 253
123 253
105 113
113 513
172 311
172 311
172 311
172 311
172 311
123 253
172 311
123 253
172 311
172 311
123 253
172 311
119 275
172 311
172 311
172 311
105 113
119 335
113 513
63 481
105 513
50 771
50 771
15 95
15 95
15 29
29 95
29 95
15 95
15 29
15 95
15 95
15 95
15 95
194 786
15 95
105 113
95 194
15 95
15 95
95 194
150 154
95 194
150 154
15 95
95 194
150 154
105 113
150 154
105 113
105 113
150 154
150 154
494 765
150 154
494 765
150 154
150 154
150 154
494 765
150 154
48 209
48 209
48 209
113 513
80 222
17 48
179 209
17 179
179 209
17 209
17 48
66 209
48 209
17 66
123 253
17 66
80 222
17 66
123 253
17 66
196 223
17 66
66 196
196 223
223 819
17 102
39 205
66 209
17 66
196 819
48 66
17 66
80 765
17 66
66 102
196 819
66 209
48 66
66 102
80 765
17 179
196 819
17 66
66 209
48 66
48 209
48 66
66 102
223 819
196 819
21 66
102 179
48 209
66 102
21 48
17 102
205 496
102 179
48 209
66 102
17 102
21 66
102 179
48 209
80 765
48 134
66 102
17 102
21 66
134 209
66 209
102 179
48 66
80 765
80 765
105 113
80 765
80 765
240 275
80 222
134 240
80 222
134 240
80 222
240 285
134 496
80 222
240 285
134 285
80 222
123 253
240 285
134 240
134 285
80 222
123 253
271 601
205 496
205 496
271 601
205 311
205 496
80 311
311 496
205 496
63 481
205 496
80 222
205 496
80 222
205 496
63 271
80 765
205 311
80 222
205 496
80 765
205 496
80 765
80 222
80 222
205 496
222 496
205 311
205 496
311 496
205 496
205 311
205 496
205 496
205 496
80 765
80 222
205 496
205 496
80 765
205 496
80 765
222 496
205 496
39 113
80 765
205 496
39 113
80 222
80 765
80 765
80 765
205 496
80 765
123 253
80 765
80 494
80 765
80 494
80 765
80 494
80 765
80 494
39 113
494 765
123 253
80 222
105 275
311 496
311 496
80 222
311 496
123 253
123 253
80 311
80 311
311 496
311 496
311 496
311 496
80 765
311 496
311 496
311 496
113 242
113 194
311 496
113 242
311 496
113 242
113 194
113 242
113 194
311 496
311 496
311 496
79 804
311 496
267 311
311 496
267 311
267 311
267 311
80 222
205 267
66 102
267 311
80 222
123 164
267 311
21 66
205 267
267 311
267 311
267 311
79 804
79 804
267 311
66 179
267 311
267 496
267 311
267 496
311 496
267 311
80 222
267 496
311 496
267 311
267 496
205 267
311 496
48 804
267 311
511 804
179 222
267 496
205 267
267 311
511 804
179 222
205 267
267 311
48 179
48 179
17 179
267 311
311 496
17 179
267 311
511 804
511 804
48 179
48 179
511 804
48 179
511 804
267 496
66 804
21 48
511 804
267 496
17 21
17 48
275 804
511 804
267 496
511 804
311 496
102 271
511 804
21 66
102 601
271 601
267 311
511 804
271 601
511 804
271 601
21 66
311 496
271 601
267 311
21 66
267 496
311 496
267 311
267 496
79 311
205 496
48 66
311 496
271 601
222 267
271 601
222 267
48 80
222 267
271 601
804 826
48 66
804 826
778 804
271 601
222 267
271 601
209 285
79 102
223 267
285 875
222 223
222 267
223 267
285 875
222 223
222 267
223 267
271 601
285 875
222 267
223 267
285 875
222 267
223 267
271 601
285 875
285 875
184 267
275 875
271 601
271 601
285 875
271 601
285 875
285 875
184 804
184 804
184 804
184 804
285 875
285 875
102 240
222 267
102 240
222 267
222 267
222 267
285 875
48 66
285 875
48 66
222 267
48 66
222 267
21 66
48 66
21 209
119 875
222 267
222 267
21 209
222 267
21 66
48 66
48 66
21 48
21 66
48 66
48 66
222 267
222 267
79 95
21 66
222 267
29 95
21 66
48 66
222 267
21 66
95 181
222 267
21 66
48 66
21 66
48 66
48 66
134 240
21 48
21 66
48 66
21 66
48 66
21 66
48 66
79 95
48 66
21 48
21 66
48 66
48 66
48 66
39 267
48 66
48 66
48 66
48 66
95 786
48 66
21 48
48 66
50 102
63 481
39 205
39 205
39 205
119 275
39 205
39 205
21 66
223 311
223 311
21 66
21 66
48 66
17 21
765 786
765 786
50 771
119 762
17 771
765 786
765 786
123 253
448 499
50 875
335 511
120 494
120 494
120 494
120 494
120 494
120 494
120 494
120 494
120 494
120 494
120 494
120 494
120 494
120 494
120 494
120 494
123 253
120 494
123 253
120 494
123 253
120 494
120 494
120 494
120 494
765 786
120 494
120 494
120 494
120 494
120 494
120 494
123 253
120 494
120 494
765 786
120 494
765 786
120 494
765 786
120 494
120 494
765 786
765 786
222 267
123 253
120 494
765 786
123 253
120 494
765 786
123 253
120 494
765 786
120 494
120 494
120 494
765 786
120 494
120 494
765 786
120 494
120 494
120 494
120 494
120 494
765 786
120 494
765 786
120 494
765 786
120 494
120 494
120 494
765 786
120 494
765 786
222 267
120 494
134 285
120 494
765 786
222 267
222 267
222 267
765 786
765 786
765 786
29 222
29 222
223 311
222 267
120 494
222 267
123 253
123 253
120 494
765 786
222 267
222 267
222 267
268 845
17 762
222 267
134 762
765 786
765 786
765 786
184 778
765 786
17 762
184 778
17 762
184 778
765 786
184 778
765 786
184 778
184 778
116 762
184 778
184 778
184 778
120 494
184 778
120 494
120 494
184 778
120 494
184 778
184 778
184 778
184 778
184 778
184 778
120 494
765 786
184 778
765 786
184 778
120 494
765 786
184 778
765 786
184 778
765 786
184 778
765 786
184 778
184 778
184 778
184 778
120 494
184 778
119 275
120 494
184 778
119 275
120 494
765 786
765 786
123 253
765 786
123 253
120 494
120 494
765 786
765 786
184 778
765 786
184 778
765 786
184 778
765 786
184 778
184 778
184 778
184 778
765 786
184 778
184 778
184 778
765 786
184 778
184 778
184 778
184 778
184 778
120 494
184 778
120 494
184 778
120 494
184 778
120 494
120 494
196 223
120 494
120 494
120 494
80 762
275 762
120 494
120 494
120 494
120 494
120 494
120 494
63 154
119 275
119 275
116 481
120 494
765 786
765 786
765 786
765 786
120 494
120 494
120 494
116 481
120 494
765 786
765 786
765 786
765 786
120 494
120 494
120 494
120 494
765 786
120 494
765 786
765 786
765 786
765 786
765 786
765 786
765 786
63 481
63 481
63 481
762 875
123 253
123 253
123 253
762 875
123 253
63 105
63 105
63 481
63 481
184 778
50 875
762 875
184 778
185 778
184 268
184 185
184 778
63 481
63 481
184 268
184 185
184 268
184 268
184 778
184 778
17 102
184 268
184 804
184 268
184 268
17 102
17 102
184 268
184 268
184 804
184 804
184 268
184 268
113 223
184 268
184 268
15 95
205 223
15 496
95 496
15 496
15 496
205 223
123 253
285 481
123 253
123 253
123 253
205 223
123 253
123 253
123 253
184 268
15 496
123 253
15 95
222 267
222 267
120 494
222 267
120 494
222 267
120 494
222 267
222 267
222 267
222 267
222 267
184 268
120 494
222 267
222 267
240 938
222 267
222 267
222 267
222 267
222 267
222 267
222 267
222 267
222 267
222 267
222 267
285 481
285 481
120 494
120 494
194 311
120 494
194 311
120 494
194 311
120 494
120 494
120 494
150 285
150 285
194 311
194 311
194 311
194 311
194 311
194 311
123 253
123 253
120 494
95 194
95 194
95 194
95 194
95 194
95 194
95 194
95 194
194 311
95 194
194 311
222 267
222 267
222 267
95 194
222 267
95 194
222 267
95 194
95 194
184 845
184 268
184 268
184 845
184 268
184 845
184 268
184 845
184 845
184 845
184 845
184 268
184 845
184 826
184 268
184 268
39 205
39 205
39 205
123 253
123 253
223 253
120 765
120 765
120 765
95 123
95 123
15 123
95 253
15 95
123 253
95 123
120 765
95 123
120 765
95 123
95 123
95 123
95 123
95 123
123 253
120 765
123 253
120 765
120 765
123 253
123 253
120 765
123 253
120 765
123 253
123 253
39 804
120 765
120 765
120 765
120 765
120 494
172 196
275 804
150 154
80 771
39 819
39 819
762 771
120 819
762 771
120 819
762 771
120 819
448 533
120 819
448 533
120 819
448 533
120 819
120 819
120 819
120 819
492 601
492 601
79 222
79 222
79 222
826 987
79 222
79 222
123 492
194 786
194 786
95 123
48 875
150 154
150 154
39 95
39 95
95 242
172 196
267 603
267 603
164 267
164 267
164 267
15 95
80 875
15 95
102 335
102 335
15 95
15 95
15 95
271 533
210 778
15 95
15 95
271 533
765 786
134 285
134 285
134 285
35 210
35 210
35 210
35 210
35 210
150 533
150 533
123 253
123 253
150 533
150 533
150 533
150 533
50 131
150 533
50 131
150 533
50 131
50 131
150 533
50 131
150 533
50 131
150 533
50 131
150 533
50 131
150 533
50 131
150 533
50 131
123 253
119 778
150 533
123 223
123 223
123 223
448 499
116 778
123 223
778 845
123 223
123 223
119 448
150 533
123 223
150 533
123 223
222 267
123 223
119 448
222 267
123 223
119 448
150 533
123 223
150 533
271 499
123 223
150 533
123 223
123 223
150 533
123 223
134 285
123 223
150 533
123 223
123 223
134 285
123 223
134 285
123 223
123 223
116 335
123 223
116 335
116 762
134 285
131 242
123 223
123 223
123 223
123 223
123 223
123 223
123 223
131 242
123 223
123 223
123 223
271 601
123 223
123 223
123 223
123 223
123 223
134 285
123 223
134 285
123 223
123 223
119 211
123 223
123 223
123 223
120 196
123 223
120 196
131 150
123 223
120 196
131 150
123 223
120 196
131 150
123 223
120 196
131 150
123 223
131 150
123 223
131 150
134 285
511 762
131 150
15 123
131 150
15 123
131 150
131 150
131 150
131 150
131 150
120 196
131 150
120 196
131 150
271 533
120 196
131 150
271 533
131 150
131 271
150 271
131 150
150 271
150 271
150 271
150 271
150 271
150 271
222 267
150 271
222 267
150 271
150 271
150 271
150 271
150 271
150 271
222 267
150 271
150 271
150 271
131 185
271 492
211 268
120 494
120 494
120 494
120 494
120 494
120 494
120 494
120 494
120 494
120 494
120 494
120 494
120 494
120 494
120 494
120 494
285 875
120 494
120 494
120 494
119 448
120 494
119 448
120 494
120 494
120 494
120 494
120 494
222 267
120 494
511 771
120 494
120 494
209 875
154 939
335 771
95 120
95 120
95 120
95 205
119 804
95 205
95 311
95 311
95 311
95 311
95 311