153 271
63 481
194 311
153 271
63 481
194 311
153 271
63 481
153 271
63 481
153 271
63 481
153 271
63 481
153 271
265 743
153 271
265 743
153 271
265 743
153 271
153 271
153 271
153 271
223 791
153 271
153 271
265 743
153 271
265 743
153 271
265 743
50 80
153 271
265 743
153 271
153 271
153 271
223 791
153 271
265 743
153 271
153 271
223 791
153 271
223 791
153 271
223 791
153 271
153 271
273 778
273 778
273 778
273 778
153 271
153 533
273 778
273 778
273 778
273 778
273 778
265 743
119 875
273 778
87 875
273 778
265 743
273 778
273 778
273 778
63 481
273 778
223 791
273 778
223 791
273 778
273 778
273 778
153 533
273 778
273 778
273 778
273 778
273 778
113 181
265 743
273 778
265 743
273 778
119 499
265 743
119 499
273 778
285 431
273 778
273 778
273 778
265 743
273 778
273 778
265 743
273 778
271 533
153 533
63 481
265 743
153 533
265 743
63 481
63 481
153 533
273 778
273 778
153 533
265 743
273 778
265 743
273 778
153 271
273 778
153 271
265 743
273 778
265 743
273 778
273 778
271 533
265 743
273 778
271 533
265 743
273 778
271 533
265 743
273 778
273 778
273 778
39 662
273 778
39 662
265 743
273 778
273 778
273 778
273 778
271 533
63 481
63 709
265 743
63 709
105 113
265 743
105 113
63 709
63 709
105 113
63 709
105 113
105 113
105 113
105 113
271 533
105 113
271 533
105 113
271 533
63 481
271 533
265 743
265 743
265 743
265 743
265 743
265 743
265 743
265 743
271 533
265 743
265 743
271 533
265 743
265 743
265 743
56 132
265 743
265 743
271 533
153 271
265 743
265 743
265 743
265 743
265 743
29 791
265 743
265 743
265 743
265 743
265 743
265 743
265 743
265 743
265 743
265 743
265 743
63 709
265 743
63 481
56 132
265 743
311 662
779 819
181 804
779 819
265 743
311 804
194 804
194 804
194 804
194 804
194 804
265 743
194 804
265 743
265 743
255 826
255 826
194 804
184 751
181 804
181 804
751 826
184 265
181 804
265 826
181 804
184 751
181 804
184 751
181 804
184 751
181 804
184 751
181 804
184 751
181 804
184 751
181 804
181 804
184 751
181 804
181 804
184 751
181 804
181 804
181 804
181 804
273 743
273 743
181 804
181 804
181 804
181 804
181 804
181 804
511 804
184 751
511 804
511 804
63 499
63 499
15 123
122 153
153 154
39 181
39 181
15 123
122 153
39 181
15 123
122 153
122 153
273 743
273 743
273 743
273 743
273 743
265 826
265 826
223 311
273 743
273 743
273 743
15 123
273 743
273 743
273 743
273 743
273 743
273 743
184 255
273 743
273 743
273 743
273 743
48 209
273 743
48 209
273 743
48 209
48 209
48 209
63 481
17 50
17 134
50 134
153 271
17 134
50 134
153 271
153 271
153 271
153 271
153 271
153 271
95 194
122 154
95 311
122 154
122 154
95 194
122 154
95 194
122 154
95 194
95 311
122 154
120 987
819 987
196 779
122 154
196 987
122 154
122 154
113 194
122 154
113 194
285 431
285 431
285 431
172 987
15 123
172 987
15 123
15 123
172 987
285 431
268 826
35 826
273 743
273 743
273 743
209 875
209 875
273 743
80 102
265 826
134 784
265 826
265 826
205 285
205 285
271 499
285 431
285 431
285 431
95 223
50 784
265 826
63 709
255 709
255 709
285 431
63 709
63 709
63 481
63 481
63 481
63 481
267 603
17 80
63 709
39 223
63 481
63 481
17 80
17 80
63 481
17 80
63 481
63 481
39 79
39 662
150 533
150 533
150 533
223 496
150 533
150 533
150 533
150 533
150 533
150 533
194 786
150 533
150 533
102 804
194 765
194 765
194 786
184 265
194 786
194 786
172 196
150 533
150 533
150 533
194 786
194 786
150 533
150 533
194 786
194 786
150 533
150 533
194 786
194 786
150 533
194 786
150 533
150 533
194 786
194 786
150 533
222 267
150 533
150 533
222 267
194 786
105 513
194 786
150 533
194 786
222 267
153 271
153 271
153 271
153 271
153 271
153 271
153 271
153 271
153 271
153 271
150 533
153 271
150 533
222 267
153 271
153 271
153 271
153 271
222 267
153 271
153 271
153 271
153 271
222 267
153 271
222 267
153 271
194 786
222 267
153 271
153 271
153 271
153 271
153 271
153 271
153 271
153 271
153 271
153 271
153 271
150 533
153 271
153 271
153 271
153 271
153 271
153 271
153 271
153 271
153 271
153 271
153 271
153 271
153 271
153 271
153 271
153 271
153 271
153 271
153 271
153 271
153 271
153 271
153 271
153 271
153 271
153 271
153 271
153 271
153 271
153 271
153 271
153 271
153 271
153 271
153 271
153 271
153 271
153 271
153 271
153 271
255 826
255 265
255 826
255 265
255 826
153 271
194 804
153 271
194 804
134 709
194 804
153 271
194 804
153 271
194 804
153 271
194 804
153 271
194 804
153 271
311 804
194 804
153 271
194 804
153 271
194 804
184 255
153 271
194 804
184 255
153 271
194 804
153 271
194 804
153 271
194 804
153 271
153 271
194 804
194 804
153 271
194 804
153 271
194 804
153 271
194 804
153 271
153 271
122 154
153 271
153 154
153 271
122 154
153 271
122 154
122 154
153 271
153 271
153 271
153 271
222 267
153 271
153 271
153 271
213 223
153 271
153 271
184 268
222 267
153 271
122 154
153 271
153 271
153 271
153 271
743 826
153 271
268 826
153 271
285 431
184 255
153 271
153 271
153 271
153 271
153 271
153 271
285 431
105 513
285 431
285 431
105 513
153 271
153 271
153 271
153 271
153 271
56 791
153 271
56 791
153 271
222 267
222 267
222 267
222 267
95 222
222 267
29 662
222 267
222 267
29 791
29 213
153 271
153 271
153 271
50 80
153 271
50 80
153 271
153 271
153 271
153 271
153 271
153 271
153 271
153 271
153 271
153 271
153 271
153 271
153 271
153 271
153 271
153 271
153 271
153 271
153 271
123 150
153 271
153 271
123 150
153 271
123 150
153 271
273 743
762 784
153 271
123 150
273 743
762 784
153 271
123 150
273 743
762 784
123 150
153 271
123 150
123 150
123 150
123 150
123 150
123 150
123 150
123 150
123 150
123 150
123 150
105 804
153 271
123 150
153 271
153 271
123 150
153 271
123 150
123 150
63 709
63 709
153 271
153 271
153 271
153 271
153 271
153 271
153 271
153 271
132 268
50 875
50 875
21 875
209 875
804 875
209 804
95 223
29 123
123 153
123 153
222 267
153 271
123 271
123 150
222 267
222 267
222 267
222 267
222 267
222 267
222 267
222 267
222 267
184 751
222 267
184 751
222 267
184 751
184 751
222 267
222 267
222 267
222 267
222 267
311 496
255 804
765 804
765 804
80 765
765 804
80 804
132 172
132 172
132 172
285 431
132 172
132 172
132 172
79 132
79 132
79 132
79 132
79 132
79 132
79 132
79 132
79 132
79 132
79 132
79 132
79 132
184 751
79 132
184 751
79 132
79 132
184 751
79 132
79 132
79 132
79 132
79 132
79 132
79 132
48 209
48 209
50 102
80 213
240 285
184 751
184 255
39 194
184 751
39 95
511 804
511 804
511 804
511 804
511 804
123 533
150 533
150 533
496 987
150 153
35 268
196 205
194 765
196 205
194 765
196 205
56 132
196 205
153 601
153 601
56 132
153 601
153 601
153 601
56 132
153 601
153 601
153 601
153 601
153 601
150 533
222 267
222 267
222 267
153 601
153 601
153 601
153 601
153 601
153 601
153 601
153 601
153 601
153 601
153 601
153 601
153 601
153 601
153 601
153 601
153 601
153 601
153 601
153 601
39 95
153 601
153 601
153 601
153 601
222 267
153 601
153 601
222 267
153 601
153 601
153 601
153 601
153 601
153 601
153 601
153 601
153 601
222 267
153 601
222 267
39 222
79 222
79 222
150 533
153 271
153 271
153 271
35 255
285 875
153 271
153 271
153 271
153 271
153 271
153 271
153 271
153 271
481 533
153 271
153 271
194 311
194 311
153 271
153 271
153 271
150 481
150 153
153 271
153 271
153 271
153 271
268 826
153 271
268 826
153 271
268 826
153 271
153 271
153 271
153 271
153 271
153 271
153 271
153 271
153 271
153 271
153 271
153 271
153 271
153 271
153 271
153 271
153 271
153 271
153 271
153 271
153 271
153 271
153 271
153 271
153 271
153 271
153 271
153 271
153 271
153 271
153 271
153 271
153 271
153 271
153 271
153 271
153 271
123 223
153 271
153 271
123 223
153 271
153 271
222 267
153 271
222 267
153 271
153 271
153 271
153 271
194 311
153 271
194 311
194 311
194 311
194 311
194 311
194 311
194 311
153 271
194 311
194 311
194 311
222 267
194 311
194 311
194 311
194 311
153 271
194 311
123 223
194 311
153 271
194 311
153 271
194 311
153 271
194 311
194 311
153 271
194 311
153 271
194 311
222 267
153 271
194 311
222 267
511 762
222 267
194 311
194 311
153 271
153 271
153 271
153 271
194 311
194 311
194 311
194 311
153 271
153 271
194 311
194 311
194 311
194 311
39 95
63 481
194 311
194 311
39 95
194 311
39 95
222 223
39 95
39 95
39 95
39 95
194 311
194 311
194 311
153 271
153 271
533 601
153 271
153 271
153 271
153 271
240 938
240 938
194 311
222 267
184 268
875 938
222 267
194 311
194 311
194 804
196 205
150 601
150 601
56 132
150 601
150 601
150 601
150 601
150 601
150 601
150 601
150 601