150 271
265 743
265 743
153 271
335 762
255 826
150 153
63 481
63 481
63 481
63 481
153 271
273 743
50 102
120 172
50 102
63 153
268 273
39 113
39 113
153 939
222 267
223 494
784 875
50 179
311 662
494 765
21 101
21 101
21 101
122 154
122 154
122 154
271 601
271 601
271 601
271 601
153 601
222 662
79 253
751 875
255 804
778 875
778 875
778 875
265 743
778 875
222 311
778 875
778 875
255 311
778 875
255 311
778 875
778 875
778 875
255 311
255 311
205 311
205 311
205 311
205 311
255 778
205 311
255 875
205 311
255 311
205 311
778 804
205 311
778 804
205 311
778 804
205 311
778 804
778 804
205 311
778 804
205 311
778 804
778 875
778 875
778 875
496 804
778 875
778 875
778 875
184 751
778 875
184 751
184 751
778 875
184 751
205 311
778 875
205 311
205 311
205 311
778 875
778 875
778 875
205 311
778 875
778 875
80 311
205 311
205 311
205 311
778 875
205 311
778 875
15 123
205 311
778 875
205 311
778 875
39 123
778 875
778 875
222 223
778 875
222 223
80 311
222 223
778 875
80 311
778 875
213 311
311 804
255 804
255 804
255 804
255 311
778 875
102 179
494 765
494 765
79 804
80 804
153 271
211 213
255 494
211 213
222 223
211 213
211 213
211 213
211 213
253 255
211 213
211 213
211 213
778 875
211 213
211 213
778 875
211 213
271 601
211 213
211 213
778 875
211 213
778 875
211 213
123 253
211 213
120 987
123 253
211 213
56 132
211 213
205 311
56 132
211 213
205 311
56 132
211 213
56 132
211 213
153 987
211 213
211 213
211 213
211 265
153 492
153 601
153 492
211 496
153 601
153 492
205 223
223 662
223 253
123 253
123 223
123 253
79 222
79 154
123 253
79 222
123 253
79 222
79 222
79 222
79 222
79 222
79 222
79 222
123 253
123 253
79 222
79 222
123 253
123 253
123 253
123 253
123 253
123 253
123 253
123 253
119 275
119 275
123 253
123 253
123 253
123 253
123 253
21 101
123 253
21 101
123 253
184 751
123 253
21 29
184 751
21 101
184 751
21 101
253 255
123 255
21 253
21 101
101 253
21 101
662 819
662 819
662 819
778 875
778 875
778 875
662 819
778 875
662 819
50 80
778 875
50 80
662 819
778 875
778 875
50 80
179 804
50 80
662 819
778 875
179 804
50 80
662 819
778 875
50 80
662 819
778 875
778 875
50 80
778 875
819 987
179 804
120 987
50 80
50 80
123 172
21 101
21 101
21 101
80 102
50 102
80 102
50 102
50 102
50 102
50 80
50 80
50 80
196 533
120 172
50 80
50 80
50 80
122 153
122 153
50 80
267 496
119 804
119 804
122 153
122 153
120 172
122 153
101 179
101 179
101 179
153 271
101 179
101 179
153 271
101 179
56 132
101 179
101 179
50 762
101 179
50 762
101 179
50 762
271 492
101 179
271 492
101 179
271 492
101 179
271 492
271 492
271 492
101 179
271 492
101 179
271 492
101 179
271 492
101 179
101 179
150 499
271 492
120 819
120 172
271 492
120 819
101 179
101 179
271 492
101 179
271 492
101 179
271 492
101 179
311 662
101 179
101 179
150 499
271 492
101 179
271 492
101 179
101 179
222 267
101 179
101 179
271 492
101 179
120 819
101 179
150 499
101 179
101 179
101 179
101 179
271 492
222 267
271 492
101 179
271 492
101 179
271 492
101 179
271 492
101 179
271 492
101 179
271 492
101 179
271 492
101 179
29 123
101 179
271 492
222 267
271 492
150 153
271 492
271 492
271 492
101 179
122 154
271 492
122 154
101 179
122 154
122 154
804 875
79 196
153 271
153 271
481 709
153 271
153 271
153 271
153 271
533 601
154 709
154 709
154 533
271 533
95 662
95 662
95 662
95 662
95 662
150 271
95 662
150 271
95 662
150 271
95 662
150 271
95 662
150 271
95 662
150 271
95 662
150 271
150 271
150 271
95 662
153 492
150 271
150 271
150 271
150 271
150 271
150 271
150 271
150 271
150 271
150 271
150 271
211 213
311 662
311 662
311 662
311 662
211 662
211 311
205 662
205 662
205 662
154 492
153 271
153 271
154 271
122 533
122 533
122 154
122 154
122 154
95 253
122 154
95 253
123 253
311 662
223 311
223 662
205 311
223 311
223 311
122 154
123 253
123 253
164 603
268 778
164 603
153 492
122 153
122 153
153 492
153 492
56 132
95 222
95 222
95 222
268 778
95 222
268 778
268 778
268 778
95 222
95 222
95 222
95 222
95 222
95 222
95 222
56 132
164 603
56 132
50 804
119 804
56 132
211 335
271 492
271 492
164 603
271 492
271 492
271 492
164 603
222 267
119 804
39 119
39 119
39 119
39 119
153 271
153 492
153 271
164 603
21 101
164 603
21 101
179 209
17 102
179 209
17 102
179 209
17 102
56 132
17 102
56 132
56 132
56 132
56 132
56 132
56 132
56 132
56 132
153 271
154 271
56 132
153 271
205 311
122 154
56 132
122 271
122 154
122 154
56 132
122 154
56 132
56 132
56 132
56 132
56 132
56 132
56 132
271 492
271 492
56 132
271 492
56 132
271 492
271 492
271 492
56 132
271 492
271 492
271 492
56 132
271 492
271 492
56 132
271 492
271 492
271 492
123 253
268 804
268 804
271 492
268 804
268 804
268 804
271 492
268 804
268 804
268 804
211 804
268 804
211 804
271 492
271 492
271 492
271 492
271 492
271 492
211 213
56 132
56 132
271 492
271 492
271 492
271 492
271 492
271 492
56 132
271 492
56 132
164 603
164 603
271 492
150 499
150 533
240 938
150 533
56 102
119 804
119 804
119 804
39 819
150 533
119 804
119 804
39 779
39 779
39 779
39 779
39 779
39 779
113 779
39 113
273 826
39 819
39 662
779 819
779 819
662 779
662 779
779 819
779 819
779 819
153 271
779 819
205 662
153 271
779 819
779 819
113 194
779 819
113 194
113 194
779 819
184 273
113 194
113 194
113 194
56 132
50 102
113 194
56 132
95 939
39 123
95 939
39 123
56 132
56 132
56 132
56 132
63 481
194 939
56 132
63 481
95 194
56 132
87 265
35 265
87 265
56 132
87 265
50 285
56 132
56 132
172 779
56 132
63 481
56 132
56 132
56 132
63 481
56 132
268 804
63 481
268 804
63 481
56 132
268 804
63 481
56 132
268 804
63 481
268 804
56 132
63 481
56 132
63 481
63 481
63 481
63 481
63 481
63 481
63 481
63 481
56 132
63 481
63 481
63 481
63 481
63 481
63 481
63 481
119 804
63 481
63 481
63 481
63 481
63 481
63 481
63 481
63 481
63 481
63 481
184 751
63 481
63 481
184 751
184 751
184 751
184 751
184 751
184 751
184 751
184 751
184 751
184 751
184 751
184 751
63 481
311 939
184 751
311 939
184 751
311 939
184 751
184 751
63 481
285 431
184 751
80 102
184 751
184 751
184 751
285 875
184 751
184 751
285 875
285 875
285 875
285 875
481 709
285 875
265 826
184 751
285 875
184 751
265 826
122 154
122 154
285 875
265 826
122 154
285 875
122 154
285 875
240 804
113 939
113 939
265 431
265 431
285 875
113 939
285 875
113 939
285 875
113 939
285 875
113 939
113 939
265 285
113 939
122 154
122 154
122 154
63 481
265 826
184 751
184 751
184 751
184 751
184 751
184 751
184 751
184 751
184 751
184 751
273 826
63 499
39 123
123 172
63 87
285 431
39 123
39 496
39 496
39 496
63 481
29 39
113 194
79 123
123 253
123 253
63 153
63 153
79 253
123 253
79 253
63 153
134 784
134 784
134 784
134 784
134 784
134 784
35 778
134 784
134 784
134 784
134 784
285 875
134 784
134 784
134 784
134 784
63 153
134 784
63 153
134 784
134 784
285 875
63 153
63 153
79 253
134 784
63 153
134 784
63 153
63 153
285 875
63 153
79 253
63 153
63 153
79 253
285 875
63 153
123 253
743 826
285 875
285 875
285 875
285 875
285 875
285 875
79 253
79 123
79 123
79 123
29 39
79 123
79 123
79 123
79 123
123 253
123 253
123 253
123 253
123 253
123 253
123 253
123 253
123 253
123 253
123 253
123 253
123 253
132 603
123 253
123 253
123 253
123 253
123 253
153 271
123 253
153 271
123 253
153 271
123 253
184 751
153 271
123 253
184 751
153 271
123 253
123 253
123 253
123 253
184 751
123 253
184 751
123 253
35 743
123 253
123 253
184 751
123 253
184 751
123 253
184 751
123 253
184 751
123 253
184 751
123 253
184 751
123 253
184 751
123 253
184 751
123 253
123 253
184 751
123 253
184 751
123 253
184 751
184 751
123 253
184 751
123 253
184 751
123 253
123 253
240 804
184 751
240 804
240 804
184 751
184 751
184 751
184 751
123 253
123 253
123 253
119 804
123 253
119 804
105 779
123 253
184 751
184 751
123 253
184 751
184 751
184 751
123 253
123 253
123 253
123 253
119 804
123 253
123 253
123 253
273 778
123 253
273 778
123 253
273 778
123 253
273 778
123 253
273 778
123 253
273 778
123 253
123 253
123 253
123 253
123 253
123 253
123 253
123 253
123 253
123 253
119 240
123 253
119 240
119 240
119 240
123 253
119 240
123 253
123 253
132 164
751 778
123 253
119 240
132 164
751 778
123 253
132 164
123 253
119 240
123 253
123 253
119 132
123 253
119 132
132 164
123 253
123 253
255 778
123 253
123 253
123 253
123 253
123 253
123 253
123 253
123 253
123 253
132 164
123 253
123 253
123 253
123 253
123 253
123 253
123 253
123 253
184 751
123 253
123 253
132 164
184 751
123 253
184 751
194 987
123 253
184 751
123 253
184 751
123 253
184 751
123 253
123 253
123 253
123 253
123 253
123 253
123 253
123 253
184 751
123 253
184 751
123 253
123 253
123 253
123 253
123 253
153 271
123 253
123 253
123 253
123 253
778 826
123 253
778 826
778 826
123 253
778 826
123 253
778 826
240 804
778 826
123 253
240 804
778 826
240 804
778 826
123 253
240 804
123 253
240 804
743 778
123 253
743 778
123 253
123 253
240 804
123 253
240 804
123 253
240 804
123 253
240 804
240 804
240 804
240 804
240 804
240 804
240 804
240 804
123 253
123 253
123 253
123 253
240 804
240 804
39 205
123 253
240 804
123 253
63 164
153 271
123 253
240 804
240 804
123 253
56 804
123 253
123 253
123 253
123 253
123 253
123 253
164 987
123 253
123 253
164 987
123 253
164 987
499 533
164 987
164 987
63 154
172 875
29 194
39 181
39 194
154 181
122 154
50 134
134 875
50 134
134 875
50 875
50 134
134 875
50 875
39 194
39 181
134 875
181 194
50 875
39 194
134 875
50 875
134 875
50 875
134 875
134 875
134 875
50 875
134 875
134 875
134 875
134 765
50 134
134 765
134 311
311 765
50 285
50 134
134 311
120 265
122 153
122 153
255 743
153 271
134 431
134 285
50 134
134 285
134 285
134 285
50 134
150 448
134 285
285 431
50 134
134 285
50 134
285 431
134 285
50 134
134 285
134 285
50 134
134 285
50 134
134 285
50 134
50 134
134 285
50 134
134 285
134 285
285 431
285 431
123 223
285 431
48 209
255 826
48 209
205 819
205 819
132 779
56 132
779 987
164 311
164 172
164 172
164 172
164 172
123 253
743 784
743 784
743 784
743 784
39 194
63 481
39 194
39 87
743 784
39 87
39 194
39 194
39 194
39 743
39 194
39 743
39 194
63 481
123 253
39 194
39 194
123 765
123 743
123 253
123 253
123 253
123 253
123 743
63 709
123 253
39 194
39 194
39 194
39 194
123 164
39 194
123 164
39 194
123 164
39 194
123 164
164 253
164 253
164 253
164 253
123 164
164 253
123 164
164 253
123 164
164 253
123 164
164 253
123 164
123 253
123 164
123 253
164 253
63 481
123 164
123 253
164 253
164 253
123 164
63 481
63 481
123 164
164 253
63 481
123 164
123 253
164 253
123 164
123 164
123 253
164 253
123 164
123 253
164 253
123 164
123 253
164 253
123 164
164 253
123 253
603 791
123 164
123 253
164 253
123 164
123 253
164 253
603 791
118 164
123 253
123 164
164 253
164 253
123 164
603 791
123 253
123 164
164 253
164 253
123 164
123 253
164 253
123 164
123 164
164 253
123 164
164 253
123 164
123 164
123 164
123 164
164 253
123 164
123 164
123 164
164 253
123 164
164 253
123 164
164 253
123 164
123 164
784 875
134 751
134 751
95 662
134 184
184 751
134 751
134 184
184 751
134 751
184 751
123 253
95 181
134 751
134 751
95 819
134 751
95 819
164 533
134 751
122 533
122 164
122 533
122 533
134 751
134 751
95 819
134 751
95 819
134 751
134 751
134 751
134 751
134 751
134 751
134 751
95 819
134 751
134 751
134 751
87 265
80 285
87 265
80 285
134 751
134 751
80 285
87 265
223 448
63 481
87 265
95 123
134 751
63 223
80 285
134 751
80 285
134 751
223 791
134 751
80 285
134 751
80 285
265 743
80 285
134 751
265 743
134 751
80 285
63 533
265 743
63 533
63 533
63 533
63 533
63 533
779 819
481 533
63 499
265 743
63 481
265 743
153 271
63 481
265 743
63 481
63 481
63 481
63 481
63 481
265 743
63 481
311 662
265 743
265 743
311 662
63 481
311 662
265 743
311 662
265 743
311 662
311 662
311 662
311 662
311 662
311 662
311 662
311 662
311 662
311 662
311 662
154 499
311 662
154 499
265 743
63 499
63 481
311 662
311 662
154 271
311 662
779 819
311 662
311 819
779 819
311 819
223 791
273 778
311 662
265 743
172 779
194 311
194 311
271 533
194 311
153 533
153 271
265 743
194 311
194 311
63 709
194 311
153 271
153 271
153 271
285 875
63 481
153 271
153 271
153 271
265 743
153 271
153 271
268 826
153 271
153 271
153 271
153 271
153 271
153 271
153 271
285 875
153 271
153 271
285 875
63 481
153 271
63 481