153 492
153 492
265 826
265 826
265 826
153 492
153 492
153 492
265 826
265 826
153 492
153 492
153 492
63 709
153 492
29 116
63 95
116 211
29 95
116 211
29 95
29 95
492 601
492 601
492 601
492 601
492 601
492 601
492 601
492 601
492 601
492 601
492 601
492 601
492 601
492 601
492 601
492 601
492 601
492 601
492 601
492 601
492 601
492 601
63 709
492 601
492 601
492 601
268 826
268 826
223 496
223 496
223 496
223 496
223 496
150 709
223 496
150 709
153 601
29 95
223 496
153 601
150 709
29 95
223 496
153 601
150 709
29 95
223 496
150 709
119 804
223 496
223 496
223 496
153 601
223 496
153 601
223 496
153 601
17 771
223 496
153 601
223 496
153 601
223 496
223 496
223 496
223 496
223 496
223 496
223 496
275 826
804 826
223 496
275 804
223 496
223 496
223 496
184 751
184 751
223 496
223 496
223 496
223 496
184 751
223 496
184 751
223 496
223 496
223 496
184 751
184 751
184 751
116 150
184 751
184 751
268 751
184 751
184 268
184 751
184 751
79 222
184 751
131 826
184 751
184 751
184 751
268 751
184 751
268 751
184 751
184 268
268 751
184 751
184 751
184 751
268 751
184 751
268 751
184 751
184 268
268 751
184 751
268 751
184 751
268 751
184 268
184 268
116 709
268 751
184 751
184 268
184 268
50 265
481 709
184 751
184 751
184 751
184 751
184 751
123 222
123 222
123 222
123 222
123 222
153 492
265 826
172 819
265 826
153 492
265 826
265 826
265 826
29 513
153 492
153 492
95 222
95 222
95 222
95 120
95 120
95 120
95 120
95 120
95 120
95 120
95 120
95 120
95 120
95 120
95 120
95 120
95 120
95 120
95 120
95 120
95 120
95 120
95 120
95 120
95 120
102 131
268 845
120 819
119 804
119 804
120 819
120 819
120 819
120 819
120 819
120 819
35 273
120 819
120 819
150 499
779 819
113 120
119 762
119 762
819 987
271 492
819 987
153 601
153 533
335 771
153 271
153 271
153 271
153 271
153 271
153 271
153 271
50 311
48 311
48 50
48 50
184 751
95 194
184 751
95 194
63 481
184 751
95 194
56 95
95 194
184 751
184 751
184 751
95 194
95 194
184 751
50 762
50 762
80 102
184 751
134 784
134 762
134 784
35 253
56 181
134 784
134 784
134 784
79 123
56 939
56 939
56 939
56 939
56 939
223 311
56 311
56 939
223 311
56 939
223 311
56 939
223 311
56 311
601 709
79 123
601 709
335 762
79 123
601 709
335 762
335 762
116 335
116 335
194 662
194 662
194 662
601 709
116 335
601 709
116 762
79 123
601 709
601 709
601 709
153 271
95 253
601 709
601 709
205 267
601 709
150 709
601 709
39 79
601 709
601 709
601 709
601 709
448 603
271 492
601 709
271 492
601 709
150 709
601 709
271 492
601 709
601 709
751 778
751 778
601 709
102 771
102 771
271 492
271 492
271 492
123 335
223 939
223 939
223 939
223 939
153 271
223 939
223 939
223 939
223 939
223 939
223 939
223 939
511 771
153 271
119 150
211 751
123 194
223 939
273 778
119 448
119 448
335 762
63 481
63 481
211 751
184 751
102 762
184 751
105 513
105 513
105 513
211 265
211 265
134 265
116 134
134 804
134 184
134 268
134 751
134 184
134 184
134 184
134 184
134 184
134 751
184 751
134 184
134 751
95 311
184 751
134 751
134 184
134 184
134 751
311 662
134 184
56 311
134 184
223 311
134 184
184 751
184 196
56 311
134 496
311 662
184 194
134 662
223 311
134 184
134 751
223 662
184 223
39 267
39 184
134 184
134 751
184 751
134 751
184 751
184 751
105 267
95 205
134 751
184 751
267 513
184 751
184 751
153 492
95 123
95 123
95 123
95 123
95 123
335 762
95 123
95 123
95 123
95 123
95 123
95 123
95 123
95 123
95 123
95 123
95 123
95 123
95 123
95 123
95 123
265 273
95 123
95 123
95 123
95 123
95 123
95 123
95 123
95 123
95 123
95 123
95 123
95 123
95 123
153 271
153 271
153 271
153 271
184 751
184 751
184 751
211 265
273 778
63 481
63 481
95 123
762 771
762 771
762 771
95 123
95 123
95 123
95 123
95 123
335 762
95 123
95 123
63 709
533 601
533 601
533 601
533 601
533 601
533 601
533 601
533 601
533 601
533 601
533 601
533 601
533 601
533 601
533 601
533 601
268 751
533 601
533 601
123 253
123 253
123 253
123 253
123 253
123 253
123 253
499 533
499 533
153 533
499 533
499 533
39 113
39 113
39 113
39 113
39 79
39 79
481 709
39 79
153 271
113 194
153 271
113 194
153 271
153 271
153 271
205 267
105 267
205 267
153 271
153 271
153 492
50 875
153 492
205 267
153 271
153 271
205 267
499 533
153 271
499 533
153 271
271 492
271 533
153 271
271 492
153 271
39 194
39 194
39 194
95 765
39 194
95 765
494 765
113 194
39 113
39 194
113 194
39 113
113 194
39 113
39 194
39 113
39 194
39 113
39 194
39 113
39 194
39 113
39 194
184 751
184 751
80 431
184 751
116 751
265 751
265 751
265 268
268 751
265 751
265 268
184 265
265 751
184 265
265 751
184 265
265 751
184 751
184 265
265 751
184 265
265 751
116 265
116 265
116 751
134 431
265 751
134 431
134 431
134 431
134 431
134 431
335 762
762 875
335 771
311 335
431 784
50 134
50 134
116 267
56 105
205 267
56 267
267 939
56 205
56 267
56 267
95 267
95 939
56 267
56 95
95 939
95 267
56 267
56 95
153 271
153 271
153 271
271 492
153 271
132 194
153 271
120 132
194 662
132 662
194 662
120 194
120 662
39 662
132 662
132 194
120 194
194 662
120 132
120 662
39 662
39 194
194 662
120 194
39 662
39 194
194 662
120 194
120 662
150 709
120 194
113 662
120 194
194 662
120 132
194 662
120 194
132 662
120 132
120 194
132 194
120 132
120 194
120 194
120 132
120 194
39 662
39 194
120 194
120 194
39 662
120 194
132 194
39 120
120 194
39 662
39 194
132 194
132 603
120 132
39 662
120 194
120 132
132 194
120 132
132 194
102 223
132 194
431 784
431 875
120 194
120 132
132 194
120 132
431 875
132 194
784 875
120 132
15 95
120 132
120 194
194 662
132 662
209 804
209 804
120 194
15 95
209 771
181 194
120 181
120 194
39 120
39 194
39 120
120 194
39 194
39 120
120 194
39 194
132 194
39 120
194 662
120 194
39 662
39 194
194 662
120 194
132 194
39 194
194 662
120 194
194 939
194 662
120 662
120 132
194 662
120 194
120 662
120 132
120 194
120 662
132 194
132 194
120 194
120 132
153 271
153 271
56 272
56 172
56 272
120 987
56 132
131 205
15 95
205 267
15 95
105 267
275 431
275 431
275 431
80 172
275 431
275 431
275 431
63 481
275 431
119 275
275 431
275 431
150 481
275 431
150 481
275 431
123 223
123 223
275 431
123 223
119 804
123 223
50 311
275 431
275 431
275 431
275 431
275 431
275 431
275 431
275 431
275 431
131 311
131 311
275 431
275 431
95 113
275 431
153 271
275 431
275 431
265 751
265 751
184 751
271 492
153 492
39 181
273 778
533 709
123 223
119 134
181 223
119 335
272 603
119 492
153 271
116 771
50 311
335 762
50 311
119 533
119 533
119 533
119 533
116 762
150 709
116 762
150 709
119 533
50 311
119 533
50 311
185 265
762 771
762 771
50 311
131 311
751 778
50 131
751 778
150 499
150 499
751 778
134 762
134 762
119 533
134 762
134 762
751 778
119 533
153 271
119 533
119 533
119 533
311 819
311 819
311 819
95 311
271 499
271 499
119 533
119 533
119 533
119 533
119 533
119 533
119 533
119 533
123 223
119 533
153 492
273 778
273 778
273 778
153 492
153 492
119 533
56 778
119 533
153 271
95 123
119 533
119 533
119 533
119 533
223 311
35 265
95 123
35 268
35 268
119 533
35 268
119 533
119 533
153 271
119 533
119 533
153 271
819 987
153 271
119 533
119 533
119 533
153 271
119 533
153 271
119 533
153 271
95 123
95 123
95 123
95 123
95 123
113 242
95 123
95 123
95 123
116 311
119 533
63 481
116 311
311 662
311 662
311 662
311 662
205 267
205 267
95 123
131 778
63 481
267 496
205 267
267 496
496 662
95 123
95 123
499 601
223 311
267 662
196 267
131 875
196 267
153 271
150 271
223 496
496 662
223 496
95 123
223 496
134 275
95 123
223 496
134 431
153 601
95 123
153 271
35 185
153 271
105 113
105 113
223 662
132 496
15 267
63 533
63 533
50 771
50 771
50 771
50 771
50 771
153 492
63 153
50 771
50 771
134 431
50 771
134 431
50 771
102 131
95 123
105 513
95 494
153 271
56 132
153 271
50 771
50 771
268 845
15 95
119 804
50 771
119 275
153 271
119 275
268 845
63 481
50 771
153 271
153 271
50 771
95 123
15 223
50 771
50 119
119 771
153 271
119 771
153 271
50 119
50 771
153 271
50 119
153 271
119 771
119 771
119 771
50 119
119 771
50 119
119 771
50 119
105 513
119 771
119 771
185 265
185 265
185 265
119 275
119 275
185 265
119 275
185 265
185 265
185 265
185 265
185 265
105 513
185 265
185 265
185 265
185 265
185 265
185 265
185 265
153 271
153 271
153 271
153 271
153 271
153 271
153 271
153 271
153 271
153 271
153 271
153 271
153 271
153 271
153 271
153 271
153 271
153 271
153 271
153 271
153 271
153 271
153 271
153 271
153 271
153 271
105 113
153 271
153 271
153 271
153 271
185 778
153 271
153 271
153 271
185 778
185 778
185 778
185 778
185 273
185 778
273 778
185 273
185 778
185 273
273 778
185 273
185 778
185 273
273 778
273 778
273 778
185 273
153 271
185 273
273 778
185 273
185 273
56 132
185 273
185 273
273 778
185 273
273 778
273 778
185 273
273 778
185 778
185 273
63 481
185 273
50 335
481 533
63 481
63 481
39 272
39 751
15 95
15 95
15 95
15 95
15 95