105 513
265 826
105 513
194 311
265 826
120 819
122 533
150 481
122 533
122 533
122 533
122 533
122 533
122 533
122 533
122 533
113 194
48 875
662 939
662 939
662 939
205 662
150 601
150 601
105 513
105 513
194 662
120 819
120 819
132 194
120 819
273 826
120 819
120 819
29 819
29 819
29 819
29 819
29 819
29 819
265 826
29 819
265 826
265 826
265 826
63 709
63 709
63 709
63 709
63 709
265 826
63 709
265 826
265 826
63 709
63 709
63 448
48 209
265 826
122 271
150 533
122 271
150 533
122 271
265 826
150 533
150 533
122 271
184 268
122 271
122 271
271 601
240 265
271 601
240 255
35 265
271 601
184 268
271 601
122 154
122 154
255 826
154 222
63 481
113 194
271 601
271 601
271 601
50 311
50 311
50 311
50 311
29 113
29 113
50 311
50 311
50 311
101 179
50 311
80 101
50 311
101 179
101 179
50 311
50 311
50 311
50 311
50 311
50 311
101 179
431 784
101 179
101 179
101 179
101 179
431 784
101 179
101 179
265 826
101 179
101 179
101 179
762 875
101 179
101 179
101 179
101 179
101 179
101 179
101 179
762 875
101 179
101 179
101 179
431 784
101 179
101 179
762 875
101 179
101 179
101 179
101 179
101 179
101 179
101 179
431 784
101 179
63 481
101 179
101 179
101 179
101 179
268 273
184 751
101 179
101 179
101 179
184 751
101 179
184 751
101 179
101 179
101 179
101 179
101 179
255 265
101 179
101 179
101 179
101 179
101 179
101 179
101 179
101 179
101 179
101 179
101 179
101 179
101 179
101 179
122 448
122 448
101 179
122 448
101 179
101 179
101 179
101 179
101 179
101 179
101 179
101 179
101 179
101 179
101 179
101 179
101 179
101 179
101 179
101 179
101 179
101 179
101 179
101 179
101 179
101 179
101 179
101 179
101 179
101 179
101 179
101 179
101 179
101 179
101 179
101 179
101 179
101 179
101 179
101 179
101 179
101 179
101 179
101 179
101 179
101 179
101 179
101 179
101 179
101 179
101 179
101 179
101 179
101 179
431 784
101 179
101 179
101 179
240 762
101 179
101 179
101 179
101 179
101 179
101 179
101 179
101 179
101 179
101 179
101 179
101 179
101 179
101 179
101 179
101 179
101 179
101 179
101 179
101 179
101 179
101 179
101 179
101 179
101 179
101 179
101 179
101 179
101 179
101 179
101 179
101 179
101 179
101 179
101 179
101 179
101 179
131 826
101 179
101 179
101 179
101 179
101 179
101 179
101 179
131 826
101 179
101 179
101 179
101 179
101 179
101 179
131 273
101 179
101 179
275 431
101 179
275 431
101 179
275 431
101 179
275 431
275 431
101 179
101 179
101 179
101 179
101 179
101 179
101 179
101 179
101 179
101 179
101 179
101 179
101 179
101 179
184 751
184 751
184 751
184 751
101 179
101 179
101 179
101 179
63 431
101 179
481 709
222 268
101 179
101 179
63 481
101 179
101 179
101 179
222 268
222 268
48 209
222 268
48 209
101 179
101 179
196 223
101 179
101 179
50 311
222 268
222 268
101 179
222 268
101 179
101 179
222 268
222 268
101 179
101 179
222 268
101 179
222 268
194 311
29 223
29 95
29 95
29 95
181 222
63 481
222 223
63 150
63 222
222 223
222 223
105 513
105 513
222 223
222 223
150 223
105 181
105 181
105 181
105 181
105 181
105 181
80 134
134 784
134 784
120 253
79 765
120 253
134 253
105 181
120 253
120 253
253 494
120 253
494 765
120 253
134 253
134 765
134 494
819 939
819 939
819 939
79 311
271 601
150 271
271 601
271 601
275 311
222 311
275 311
80 222
222 275
275 311
222 311
213 311
184 265
275 496
80 662
184 265
222 275
105 181
105 181
265 751
105 181
80 311
105 181
275 311
275 311
80 275
79 222
271 601
222 271
271 601
271 601
271 601
150 601
105 181
105 513
95 194
95 194
95 194
95 194
95 194
95 194
95 194
95 194
494 765
95 194
95 194
95 194
17 179
95 194
95 194
95 194
79 662
95 194
95 194
311 496
194 311
311 496
123 223
39 662
311 496
17 179
311 496
311 496
17 50
311 496
39 662
311 496
80 222
311 496
311 496
80 222
80 222
80 222
80 222
80 222
819 939
819 939
819 939
819 939
132 172
196 939
311 939
56 132
311 819
196 819
56 132
56 132
56 132
56 132
120 603
120 603
196 819
120 603
196 819
311 819
311 819
662 939
196 939
196 939
196 939
205 496
205 496
196 939
196 939
819 939
101 431
196 939
102 762
196 939
196 939
265 751
265 751
265 751
184 265
184 265
184 265
196 939
63 150
150 481
101 431
119 431
819 939
56 132
56 132
255 743
255 743
120 494
134 267
134 513
79 123
105 513
79 267
265 268
56 132
265 268
56 132
265 268
56 132
265 268
265 826
150 709
150 709
63 481
63 150
63 150
150 481
63 150
150 709
56 132
63 150
63 481
150 709
63 150
120 494
150 709
120 494
120 494
56 132
120 494
120 494
120 494
120 494
119 448
119 448
119 448
120 494
50 131
63 499
50 131
120 494
50 131
120 494
50 131
50 131
50 131
184 268
120 494
63 662
120 494
120 494
265 804
120 494
265 804
120 494
265 804
120 494
265 268
120 494
120 494
255 804
120 494
255 804
255 804
120 494
255 804
120 494
50 131
255 804
120 494
50 131
255 804
120 494
268 804
268 804
268 804
184 804
50 131
268 804
184 804
50 131
50 131
50 131
268 804
223 601
271 601
271 601
271 601
271 601
271 601
271 601
63 709
271 601
271 601
63 709
271 601
120 494
271 601
120 494
102 875
120 494
119 533
120 494
119 533
120 494
448 533
448 533
448 533
448 533
50 131
448 533
448 533
448 533
50 102
154 499
50 102
50 102
50 102
50 102
50 102
50 102
50 102
50 131
102 131
50 131
102 131
102 131
50 102
102 131
154 499
102 131
154 499
102 131
102 131
102 131
102 131
102 131
102 131
102 131
105 113
50 131
50 131
154 499
102 131
102 131
154 499
102 131
102 131
102 131
102 131
50 102
50 131
102 131
50 102
102 131
50 102
102 131
102 131
102 131
102 131
50 131
102 131
265 826
102 131
154 499
154 499
154 499
154 499
50 131
102 131
50 131
102 131
50 131
56 132
222 267
222 267
120 819
119 762
120 819
119 533
119 533
119 533
119 448
154 499
123 223
533 709
533 709
105 113
223 496
268 826
105 113
105 113
255 268
255 268
105 113
105 113
223 662
122 154
268 804
122 154
268 804
265 826
223 496
122 154
265 826
223 496
223 496
223 496
122 154
223 496
122 154
496 662
268 804
268 804
223 496
255 743
268 804
122 154
255 743
122 154
255 273
533 709
255 743
122 154
255 273
533 709
122 154
533 709
255 743
273 743
122 154
273 743
273 743
273 743
273 743
533 709
265 826
223 496
273 743
273 743
273 743
273 743
273 743
273 743
105 113
273 743
80 875
80 875
273 743
80 875
80 875
273 743
80 875
273 743
80 875
273 743
80 875
273 743
273 743
273 743
80 875
120 819
120 819
79 122
63 709
79 122
105 113
63 709
105 113
79 122
63 709
105 113
79 122
105 113
105 113
79 122
105 113
79 122
79 122
79 122
79 122
194 311
122 533
194 311
122 533
743 826
743 826
122 533
194 311
743 826
79 122
743 826
79 122
743 826
79 122
743 826
79 122
194 311
743 826
79 122
122 533
79 122
122 533
79 122
122 533
79 122
122 533
79 122
122 533
119 154
122 533
119 154
79 122
122 533
79 122
122 533
79 122
122 533
79 122
184 743
79 122
481 709
79 122
122 533
481 709
79 122
122 533
79 122
122 533
79 122
122 533
79 122
105 113
122 533
79 122
122 533
79 122
122 533
79 122
79 122
79 122
79 122
223 311
79 122
79 122
79 122
122 533
122 533
122 533
122 533
122 533
122 533
79 533
122 533
79 122
122 533
271 492
122 533
271 492
122 533
271 492
122 533
271 492
122 533
122 533
122 533
122 533
271 492
271 492
79 122
79 122
271 492
95 253
95 253
95 123
123 253
95 123
95 123
95 123
95 123
95 123
95 123
95 123
95 123
95 123
95 123
95 123
95 123
95 123
95 123
95 123
95 123
95 123
95 123
95 123
95 123
63 122
63 709
63 709
63 709
63 709
123 253
123 253
123 253
35 826
63 481
63 481
123 253
63 481
63 481
271 492
271 492
271 492
50 875
50 875
50 875
50 875
271 492
271 492
56 132
56 132
39 113
56 132
56 132
56 132
56 132
56 132
56 132
56 132
56 132
222 267
222 267
56 132
56 132
56 132
56 132
56 132
56 132
56 132
56 132
56 132
533 709
63 481
63 481
63 709