0 0.857692307692 0.805293005671 10 4 2.6

0 1.0 0.921436004162 17 5 2.47058823529

0 0.935762331839 0.938852667721 94 5 2.37234042553

0 0.916881440707 0.939558325639 223 14 2.67264573991

0 0.914516655708 0.93763687152 474 30 2.73628691983

2 0.866080240926 0.879129221125 1283 36 2.81449727202

2 0.859491995087 0.874792673734 1432 47 2.9217877095

10 0.828300012411 0.877982958191 2338 66 3.19931565441

29 0.815520041917 0.86217303195 3952 112 3.25227732794

66 0.781759660957 0.849660158044 5853 156 3.4264479754

334 0.745871712017 0.834077018867 9224 287 3.69839549003

1337 0.693412389608 0.780617979229 14367 511 3.94090624347

1888 0.66837105292 0.788920070006 16838 875 4.2882765174

